0.0628702
0.0555383
0.0479235
0.0403466
0.0330708
0.0263027
0.0201954
0.0148528
0.0103357
0.00666792
0.003843
0.00183049
0.000582122
3.712e-05
0.000126911
0.000778968
0.00190147
0.00343389
0.00532449
0.00751419
0.00993272
0.0125046
0.0152093
0.0180148
0.0208797
0.0237621
0.026634
0.0294844
0.0322947
0.0350496
0.0377365
0.062847
0.0555128
0.0478969
0.04032
0.033045
0.0262785
0.0201734
0.0148334
0.0103193
0.00665462
0.00383288
0.00182354
0.000578253
3.61636e-05
0.000128663
0.000783196
0.0019079
0.00344227
0.0053346
0.00752579
0.00994555
0.0125184
0.015224
0.0180302
0.0208954
0.0237782
0.0266503
0.0295008
0.032311
0.0350658
0.0377525
0.0627769
0.0554361
0.047817
0.04024
0.0329676
0.0262059
0.0201074
0.0147753
0.01027
0.00661477
0.00380263
0.00180281
0.000566726
3.33684e-05
0.000133988
0.000795944
0.00192725
0.00346749
0.00536497
0.00756061
0.00998409
0.01256
0.0152681
0.0180761
0.0209428
0.0238264
0.0266991
0.0295497
0.0323598
0.0351142
0.0378003
0.0626602
0.0553083
0.0476839
0.0401068
0.0328387
0.0260851
0.0199975
0.0146788
0.0101882
0.00654865
0.00375249
0.00176853
0.000547783
2.89614e-05
0.000143098
0.000817409
0.00195969
0.0035097
0.00541577
0.00761877
0.0100484
0.0126295
0.0153416
0.0181528
0.0210218
0.0239069
0.0267804
0.0296314
0.0324413
0.035195
0.0378801
0.0624967
0.0551296
0.0474979
0.0399206
0.0326587
0.0259165
0.0198444
0.0145442
0.0100743
0.00645666
0.00368289
0.00172111
0.000521823
2.33195e-05
0.000156346
0.000847914
0.00200554
0.00356919
0.00548722
0.00770052
0.0101388
0.012727
0.0154448
0.0182604
0.0211325
0.0240197
0.0268945
0.0297459
0.0325555
0.0353083
0.0379919
0.0622861
0.0548997
0.0472588
0.0396817
0.0324279
0.0257004
0.0196483
0.014372
0.0099289
0.00633943
0.00359442
0.00166114
0.000489395
1.69689e-05
0.000174223
0.000887917
0.0020652
0.00364631
0.00557968
0.00780617
0.0102555
0.0128527
0.0155778
0.018399
0.0212751
0.024165
0.0270413
0.0298932
0.0327024
0.0354541
0.0381357
0.0620286
0.0546188
0.0469671
0.0393904
0.0321467
0.0254375
0.01941
0.0141632
0.00975267
0.00619769
0.00348785
0.00158935
0.000451211
1.05805e-05
0.000197358
0.000938002
0.00213921
0.00374159
0.00569359
0.00793608
0.0103988
0.013007
0.015741
0.018569
0.0214499
0.0243429
0.0272212
0.0300737
0.0328824
0.0356325
0.0383118
0.0617237
0.0542868
0.0466229
0.0390472
0.0318159
0.0251284
0.0191303
0.0139184
0.00954657
0.00603242
0.00336409
0.00150664
0.00040814
4.9735e-06
0.000226514
0.000998868
0.00222821
0.00385557
0.00582948
0.00809077
0.0105692
0.0131903
0.0159347
0.0187706
0.0216571
0.0245538
0.0274342
0.0302873
0.0330954
0.0358436
0.0385201
0.0613714
0.0539041
0.0462267
0.0386526
0.031436
0.0247742
0.0188102
0.0136388
0.00931169
0.00584467
0.00322424
0.00141409
0.000361196
1.10683e-06
0.000262592
0.00107135
0.002333
0.00398899
0.00598799
0.00827078
0.0107672
0.0134031
0.0161592
0.0190041
0.0218971
0.0247978
0.0276807
0.0305345
0.0333417
0.0360878
0.038761
0.0609715
0.0534705
0.0457787
0.0382073
0.031008
0.0243757
0.0184508
0.0133255
0.00904928
0.0056357
0.00306953
0.00131289
0.000311535
7.88667e-08
0.000306617
0.00115641
0.00245441
0.00414263
0.00616985
0.00847679
0.0109934
0.0136457
0.016415
0.01927
0.0221701
0.0250754
0.0279609
0.0308153
0.0336215
0.0363651
0.0390345
0.0605238
0.0529864
0.0452794
0.0377119
0.0305328
0.0239341
0.0180534
0.0129799
0.00876072
0.00540697
0.00290139
0.00120441
0.000260465
3.12446e-06
0.000359744
0.0012551
0.00259345
0.0043174
0.00637585
0.00870953
0.0112484
0.013919
0.0167028
0.0195689
0.0224767
0.0253869
0.0282751
0.0311303
0.0339352
0.0366759
0.039341
0.0600282
0.052452
0.0447296
0.0371674
0.0300115
0.0234507
0.0176193
0.0126036
0.0084476
0.00516002
0.00272135
0.00109017
0.000209433
1.16099e-05
0.000423249
0.00136861
0.00275121
0.0045143
0.00660695
0.0089698
0.011533
0.0142234
0.0170231
0.0199011
0.0228173
0.0257328
0.0286239
0.0314797
0.0342831
0.0370205
0.0396807
0.0594846
0.0518675
0.0441297
0.0365748
0.0294455
0.0229269
0.0171502
0.0121982
0.00811165
0.00489661
0.00253112
0.000971812
0.000160022
2.70311e-05
0.000498536
0.00149826
0.0029289
0.00473443
0.0068641
0.00925856
0.011848
0.0145598
0.0173765
0.0202674
0.0231925
0.0261135
0.0290077
0.0318638
0.0346655
0.0373992
0.040054
0.058893
0.0512334
0.0434806
0.0359351
0.0288359
0.0223644
0.0166479
0.0117655
0.00775471
0.0046186
0.00233256
0.000851126
0.000113941
5.10064e-05
0.000587116
0.00164543
0.0031278
0.004979
0.00714843
0.00957676
0.0121943
0.0149291
0.0177639
0.0206684
0.0236029
0.0265296
0.0294269
0.0322834
0.0350829
0.0378124
0.0404613
0.0582534
0.0505501
0.0427833
0.0352496
0.0281844
0.0217648
0.0161141
0.0113075
0.00737885
0.004328
0.00212765
0.000730043
7.30329e-05
8.52773e-05
0.000690628
0.00181165
0.00334933
0.00524929
0.00746114
0.00992551
0.0125729
0.015332
0.018186
0.0211048
0.0240492
0.0269818
0.0298822
0.0327388
0.0355359
0.0382608
0.0409031
0.057566
0.0498185
0.0420387
0.0345197
0.0274926
0.0211301
0.015551
0.0108263
0.00698621
0.00402701
0.00191852
0.000610621
3.92617e-05
0.000131703
0.000810814
0.00199854
0.003595
0.00554669
0.0078035
0.010306
0.012985
0.0157696
0.0186438
0.0215776
0.0245322
0.0274709
0.0303742
0.0332308
0.0360251
0.0387447
0.0413798
0.0568311
0.049039
0.0412481
0.033747
0.0267623
0.0204622
0.0149606
0.0103243
0.00657909
0.00371788
0.00170742
0.000495029
1.47087e-05
0.000192257
0.000949528
0.00220784
0.00386642
0.00587272
0.00817687
0.0107195
0.0134316
0.016243
0.0191383
0.0220877
0.0250527
0.0279975
0.0309037
0.0337599
0.036551
0.039265
0.0418922
0.0560491
0.0482127
0.0404126
0.0329331
0.0259956
0.0197634
0.0143454
0.0098037
0.00615994
0.0034031
0.00149673
0.00038557
1.57469e-06
0.000269026
0.00110873
0.00244141
0.00416531
0.00622897
0.00858277
0.0111674
0.013914
0.0167533
0.0196705
0.022636
0.0256117
0.0285626
0.0314717
0.0343272
0.0371146
0.0398223
0.042441
0.0552203
0.0473406
0.039534
0.0320798
0.0251945
0.019036
0.0137079
0.00926724
0.00573133
0.00308516
0.00128893
0.000284654
2.17278e-06
0.000364208
0.00129051
0.00270116
0.0044935
0.00661716
0.00902279
0.0116511
0.0144337
0.017302
0.0202417
0.0232237
0.0262104
0.0291672
0.0320789
0.0349334
0.0377167
0.0404175
0.043027
0.0543456
0.0464239
0.0386136
0.0311892
0.0243614
0.0182824
0.0130505
0.00871751
0.00529596
0.00276675
0.00108664
0.000194815
1.8928e-05
0.000480113
0.00149705
0.00298918
0.00485294
0.00703909
0.00949863
0.0121724
0.0149921
0.0178903
0.0208532
0.0238522
0.0268498
0.0298126
0.0327266
0.0355797
0.0383583
0.0410516
0.0436512
0.0534258
0.0454639
0.0376535
0.0302633
0.0234985
0.0175053
0.012376
0.00815728
0.0048566
0.00245066
0.000892591
0.000118689
5.4379e-05
0.000619169
0.00173065
0.00330764
0.00524568
0.00749672
0.0100121
0.0127328
0.0155908
0.0185198
0.0215066
0.0245227
0.0275313
0.0304998
0.0334159
0.0362672
0.0390406
0.0417258
0.0443147
0.052462
0.0444623
0.0366555
0.0293046
0.0226086
0.0167073
0.0116874
0.00758949
0.00441621
0.00213977
0.000709601
5.90284e-05
0.00011118
0.000783919
0.00199374
0.00365886
0.00567392
0.00799216
0.0105653
0.0133343
0.0162317
0.0191922
0.0222033
0.0252368
0.0282564
0.0312304
0.0341483
0.0369973
0.039765
0.0424413
0.0450189
0.0514554
0.0434207
0.0356217
0.0283154
0.0216941
0.0158914
0.0109874
0.00701713
0.00397778
0.00183707
0.00054062
1.8694e-05
0.000192097
0.000977023
0.00228888
0.00404527
0.00613999
0.0085276
0.0111602
0.0139788
0.0169166
0.0199094
0.0229452
0.0259963
0.0290268
0.0320061
0.0349254
0.0377717
0.0405329
0.0431998
0.0457653
0.0504074
0.0423411
0.0345545
0.0272983
0.0207581
0.0150605
0.0102793
0.00644332
0.00354444
0.00154567
0.000388689
6.67069e-07
0.000300031
0.00120129
0.00261875
0.00446947
0.00664639
0.00910544
0.0117991
0.0146687
0.0176478
0.0206734
0.0237344
0.0268031
0.0298443
0.0328286
0.0357489
0.0385919
0.0413461
0.0440029
0.0465555
0.0493197
0.0412255
0.0334564
0.026256
0.0198032
0.0142176
0.00956604
0.00587123
0.00311941
0.00126875
0.000256976
8.05226e-06
0.000438008
0.00145966
0.00298623
0.00493421
0.00719577
0.00972825
0.0124846
0.0154063
0.0184275
0.0214865
0.0245728
0.0276592
0.030711
0.0337
0.0366208
0.03946
0.0422067
0.0448525
0.0473915
0.0481941
0.0400762
0.0323297
0.0251914
0.0188327
0.0133659
0.00885099
0.00530419
0.00270599
0.00100965
0.000148766
4.40891e-05
0.000609207
0.00175524
0.00339433
0.00544245
0.00779102
0.0103988
0.0132194
0.0161942
0.0192582
0.0223511
0.0254631
0.0285672
0.0316294
0.0346225
0.0375435
0.0403783
0.0431167
0.045751
0.0482755
0.0470327
0.0388956
0.0311773
0.0241073
0.0178495
0.0125085
0.00813741
0.00474555
0.00230762
0.000771767
6.74684e-05
0.000112164
0.000816975
0.00209132
0.00384629
0.00599734
0.00843521
0.0111202
0.0140063
0.0170354
0.0201428
0.0232701
0.0264079
0.0295296
0.0326019
0.0355988
0.0385195
0.0413493
0.0440788
0.0467007
0.04921
0.0458377
0.0376862
0.0300019
0.0230068
0.0168568
0.0116489
0.00742871
0.0041988
0.00192779
0.000558669
1.6652e-05
0.000215831
0.00106485
0.00247141
0.00434556
0.00660229
0.00913169
0.0118957
0.0148486
0.0179329
0.0210845
0.0242465
0.0274102
0.0305495
0.0336316
0.0366319
0.0395517
0.042376
0.0450959
0.0477048
0.0501981
0.0446115
0.0364507
0.0288064
0.0218928
0.0158578
0.0107903
0.00672832
0.00366746
0.00157013
0.000374036
4.18206e-08
0.000358842
0.00135658
0.00289924
0.00489585
0.00726096
0.00988409
0.0127288
0.01575
0.0188903
0.0220865
0.0252836
0.0284735
0.0316302
0.0347217
0.0377249
0.0406434
0.0434616
0.0461712
0.0487663
0.0512428
0.0433565
0.0351918
0.0275938
0.0207686
0.0148558
0.00993617
0.00603981
0.0031552
0.00123842
0.000221729
2.15626e-05
0.000545175
0.00169616
0.00337881
0.00550117
0.00797736
0.0106964
0.0136235
0.0167142
0.0199115
0.023153
0.0263854
0.0296014
0.0327755
0.0358761
0.0388817
0.0417983
0.0446097
0.0473084
0.049889
0.052348
0.0420755
0.0339123
0.026367
0.0196372
0.013854
0.00908986
0.00536673
0.00266579
0.000936561
0.000105785
8.53673e-05
0.000779059
0.00208791
0.00391448
0.00616587
0.00875585
0.011573
0.0145842
0.0177457
0.0210007
0.0242879
0.0275561
0.0307983
0.0339894
0.0370988
0.0401064
0.0430205
0.0458246
0.0485117
0.051077
0.0535178
0.040771
0.0326151
0.025129
0.0185017
0.0128558
0.00825489
0.00471281
0.00220312
0.000668656
3.04763e-05
0.000195878
0.00106505
0.00253645
0.00451096
0.00689473
0.00960119
0.0125186
0.0156156
0.0188491
0.0221627
0.0254961
0.0288003
0.0320687
0.0352768
0.0383946
0.0414036
0.0443148
0.0471109
0.0497857
0.0523351
0.0547569
0.039446
0.031303
0.0238827
0.0173653
0.0118644
0.00743482
0.00408184
0.00177126
0.000439015
3.51357e-07
0.00035784
0.00140805
0.00304683
0.0051734
0.00769296
0.0105187
0.0135385
0.0167231
0.0200298
0.0234029
0.026783
0.0301234
0.0334182
0.036643
0.0397688
0.0427787
0.0456864
0.048474
0.0511358
0.0536687
0.0560707
0.038103
0.0299788
0.0226309
0.016231
0.0108832
0.00663325
0.00347777
0.00137447
0.000252223
2.02804e-05
0.000576379
0.0018134
0.00362456
0.00590741
0.00856626
0.0115141
0.0146387
0.0179125
0.0212937
0.024727
0.0281544
0.0315313
0.0348524
0.0380939
0.0412273
0.0442376
0.0471413
0.0499197
0.052568
0.0550835
0.0574652
0.0367447
0.0286451
0.0213766
0.0151018
0.00991543
0.0058539
0.00290469
0.00101728
0.000113194
9.55327e-05
0.000857076
0.00228694
0.00427571
0.00671924
0.00952103
0.0125939
0.0158256
0.0191904
0.0226474
0.0261419
0.029617
0.0330306
0.0363782
0.039636
0.0427767
0.0457869
0.0486862
0.0514549
0.054089
0.0565866
0.0589471
0.0353739
0.0273045
0.0201224
0.0139807
0.00896458
0.0051006
0.00236696
0.000704518
2.72366e-05
0.000231848
0.00120604
0.0028351
0.00500694
0.00761577
0.0105643
0.0137652
0.0171064
0.0205642
0.0240983
0.0276547
0.0311781
0.0346288
0.0380028
0.0412768
0.0444245
0.0474341
0.0503284
0.0530868
0.0557062
0.0581852
0.060524
0.0339926
0.0259595
0.018871
0.0128707
0.00803405
0.00437739
0.00186921
0.000441427
1.50345e-07
0.000435536
0.00163003
0.003465
0.00582568
0.00860465
0.0117039
0.0150361
0.0184892
0.0220418
0.0256544
0.0292738
0.0328459
0.0363341
0.0397346
0.0430247
0.0461789
0.0491875
0.0520765
0.0548241
0.0574281
0.059888
0.0622044
0.0326033
0.0246122
0.0176247
0.0117749
0.00712745
0.00368854
0.00141644
0.000233714
3.83202e-05
0.00071357
0.00213653
0.00418457
0.0067402
0.00969443
0.0129486
0.0164153
0.0199831
0.0236326
0.0273251
0.0310084
0.0346299
0.0381557
0.0415829
0.044889
0.0480494
0.0510566
0.0539397
0.056676
0.0592642
0.0617042
0.0639977
0.0312077
0.0232647
0.0163861
0.010696
0.0062485
0.00303864
0.0010141
8.77046e-05
0.000148837
0.00107374
0.0027339
0.00500263
0.0077597
0.0108946
0.014308
0.0179129
0.0215981
0.0253465
0.0291205
0.0328686
0.0365401
0.0401041
0.043558
0.0468799
0.0500463
0.0530517
0.0559285
0.0586531
0.0612248
0.0636447
0.0659146
0.0298075
0.0219187
0.0151574
0.00963725
0.0054012
0.0024327
0.000668272
1.0431e-05
0.000339628
0.00152473
0.0034315
0.00592907
0.00889453
0.0122158
0.0157933
0.01954
0.0233454
0.0271949
0.031052
0.0348661
0.0385882
0.0421907
0.0456715
0.0490092
0.0521813
0.0551845
0.0580546
0.0607671
0.0633219
0.0657209
0.0679669
0.028404
0.0205759
0.0139408
0.00860184
0.00458993
0.00187634
0.000385738
9.81123e-06
0.000619624
0.00207636
0.00423984
0.00697502
0.0101563
0.0136701
0.0174164
0.0213088
0.0252376
0.0291905
0.0331323
0.0370135
0.0407869
0.0444283
0.0479363
0.0512898
0.0544673
0.0574679
0.0603311
0.063031
0.0655685
0.0679463
0.0701678
0.026998
0.0192375
0.0127387
0.00759329
0.00381955
0.00137581
0.000174164
9.48046e-05
0.000998925
0.00273968
0.00517081
0.00815296
0.0115578
0.0152707
0.0191911
0.0232333
0.0272886
0.0313474
0.0353756
0.0393251
0.0431505
0.0468315
0.0503668
0.053736
0.0569188
0.0599166
0.0627725
0.0654594
0.0679792
0.0703353
0.0725319
0.0255901
0.017905
0.0115535
0.00661538
0.00309553
0.000938288
4.23087e-05
0.000275615
0.00148897
0.00352721
0.00623775
0.00947695
0.0131139
0.0170326
0.0211326
0.0253289
0.029514
0.0336812
0.0377978
0.0418167
0.0456951
0.0494159
0.052979
0.0563639
0.0595518
0.0625464
0.0653948
0.0680685
0.0705702
0.0729044
0.0750757
0.0241805
0.0165793
0.0103877
0.00567254
0.00242418
0.000571987
2.09017e-07
0.000563894
0.00210283
0.00445314
0.00745579
0.0109628
0.0148407
0.0189726
0.023258
0.027613
0.0319314
0.0362096
0.0404163
0.0445061
0.0484382
0.0521996
0.0557905
0.0591913
0.0623843
0.0653756
0.0682162
0.0708763
0.0733598
0.0756715
0.0778171
0.022769
0.0152618
0.00924442
0.00476988
0.00181286
0.000286459
5.944e-05
0.000972996
0.00285536
0.00553355
0.00884199
0.0126283
0.0167567
0.0211094
0.0255863
0.0301047
0.03456
0.0389519
0.0432508
0.0474127
0.0513995
0.0552021
0.0588213
0.062238
0.065436
0.0684238
0.0712565
0.0739028
0.0763676
0.0786567
0.0807764
0.0213554
0.0139537
0.00812709
0.00391343
0.00127019
9.28264e-05
0.000233376
0.00151827
0.00376351
0.00678671
0.0104156
0.0144935
0.0188824
0.023464
0.0281387
0.0328254
0.0374214
0.0419299
0.046323
0.0505584
0.0546008
0.0584452
0.0620931
0.065526
0.0687289
0.0717131
0.0745377
0.0771702
0.0796161
0.0818824
0.0839759
0.0199391
0.0126565
0.00704
0.0031104
0.000806358
4.07554e-06
0.000537507
0.00221729
0.0048466
0.00823329
0.0121983
0.0165808
0.0212409
0.0260598
0.030939
0.035799
0.0405396
0.0451674
0.0496569
0.0539674
0.0580663
0.0619533
0.0656303
0.0690795
0.0722874
0.075268
0.0780844
0.0807028
0.0831298
0.0853729
0.08744
0.0185197
0.0113726
0.00598849
0.00236954
0.00043348
3.54119e-05
0.000989741
0.00309029
0.00612665
0.00989668
0.0142146
0.0189155
0.0238578
0.0289228
0.0340133
0.0390519
0.043941
0.0486913
0.0532792
0.0576662
0.0618228
0.065753
0.0694596
0.0729254
0.0761384
0.0791153
0.0819236
0.0845278
0.0869357
0.0891556
0.0911962
0.0170969
0.0101048
0.00497922
0.00170143
0.000165896
0.000204613
0.00161082
0.00416033
0.0076287
0.0118034
0.0164919
0.0215258
0.0267619
0.0320822
0.037391
0.0426136
0.0476552
0.0525308
0.0572194
0.0616845
0.0658998
0.0698741
0.0736108
0.0770935
0.0803117
0.083285
0.0860852
0.0886753
0.091064
0.0932607
0.0952745
0.015671
0.00885715
0.00402055
0.00111884
2.06376e-05
0.000532469
0.00242466
0.00545396
0.00938109
0.0139832
0.0190611
0.0244431
0.0299851
0.03557
0.0411045
0.0465164
0.0517146
0.0567186
0.06151
0.0660549
0.07033
0.0743491
0.0781164
0.0816164
0.0848401
0.08781
0.0906022
0.0931782
0.0955477
0.0977209
0.099708
0.0142427
0.00763502
0.00312293
0.000637298
1.78655e-05
0.0010432
0.00345885
0.00700131
0.011416
0.0164697
0.0219568
0.0277026
0.033563
0.0394221
0.0451894
0.0507962
0.0561551
0.0612905
0.066187
0.0708132
0.0751493
0.0792141
0.0830127
0.0865304
0.0897599
0.0927266
0.0955109
0.0980728
0.100423
0.102573
0.104533
0.0128138
0.00644565
0.00229938
0.000275459
0.000181372
0.00176496
0.00474507
0.00883679
0.0137699
0.0193005
0.0252174
0.0313435
0.0375348
0.043678
0.0496855
0.0554928
0.0610164
0.0662862
0.07129
0.0759991
0.0803974
0.0845087
0.0883393
0.0918752
0.0951109
0.0980745
0.100851
0.103399
0.10573
0.107857
0.10979
0.0113879
0.00529865
0.00156602
5.57201e-05
0.000539126
0.00273035
0.00631957
0.0109993
0.0164834
0.0225177
0.0288858
0.0354089
0.0419442
0.0483812
0.0546364
0.0606496
0.0663419
0.0717491
0.0768624
0.081656
0.0861178
0.0902765
0.0941397
0.0976944
0.100937
0.103898
0.106667
0.109201
0.111514
0.113617
0.115523
0.00997003
0.00420644
0.000942657
4.82286e-06
0.00112392
0.00397709
0.0082238
0.0135331
0.0196026
0.0261686
0.0330098
0.0399469
0.0468393
0.0535798
0.0600899
0.0663146
0.0721795
0.077727
0.0829518
0.0878318
0.0923582
0.0965654
0.100462
0.104036
0.107285
0.110244
0.113006
0.115527
0.117821
0.119901
0.12178
0.00856772
0.0031848
0.000453455
0.000154537
0.00197394
0.00554848
0.0105048
0.0164877
0.0231788
0.0303052
0.0376421
0.0450105
0.0522728
0.0593266
0.0660988
0.07254
0.0785814
0.0842719
0.0896106
0.0945784
0.0991709
0.103427
0.107358
0.110952
0.114209
0.117166
0.119922
0.122429
0.124704
0.126761
0.128613
0.00719159
0.00225379
0.00012766
0.000542406
0.00313359
0.00749414
0.0132159
0.0199191
0.0272693
0.0349857
0.0428409
0.0506579
0.0583029
0.0656795
0.0727207
0.0793836
0.085605
0.0914413
0.0968958
0.101953
0.106613
0.11092
0.114885
0.1185
0.121766
0.124722
0.127471
0.129965
0.132222
0.134255
0.136081
0.00585577
0.00143829
4.39942e-07
0.00121252
0.00465415
0.00987067
0.0164175
0.0238896
0.0319377
0.0402741
0.0486705
0.0569529
0.0649932
0.0727017
0.0800186
0.086908
0.0933127
0.0992973
0.10487
0.110018
0.114747
0.119105
0.123106
0.126743
0.130017
0.132973
0.135715
0.138197
0.140435
0.142446
0.144244
0.00457894
0.000769011
0.000113776
0.00221645
0.00659463
0.0127424
0.0201772
0.0284689
0.0372546
0.0462412
0.0552013
0.0639656
0.0724132
0.0804621
0.0880608
0.0951812
0.101773
0.107908
0.1136
0.118841
0.12364
0.12805
0.132088
0.135747
0.139032
0.141987
0.144724
0.147193
0.149413
0.1514
0.153171
0.00338501
0.000283405
0.000517461
0.00361413
0.00902252
0.016182
0.0245707
0.0337344
0.0432976
0.0529643
0.0625101
0.0717722
0.0806382
0.0890356
0.0969219
0.104277
0.111058
0.117346
0.12316
0.128496
0.133365
0.137829
0.141905
0.145587
0.148882
0.151838
0.154569
0.157026
0.159227
0.161191
0.162935
0.0023041
2.67776e-05
0.00127019
0.00547499
0.012015
0.0202713
0.0296827
0.0397714
0.0501523
0.0605283
0.0706807
0.0804555
0.0897503
0.0985035
0.106682
0.114277
0.121249
0.127692
0.133629
0.13906
0.144003
0.148521
0.152634
0.15634
0.159646
0.162603
0.165329
0.167774
0.169957
0.171897
0.173612
0.00137386
5.34797e-05
0.00244078
0.00787888
0.0156594
0.0251024
0.035607
0.0466743
0.057912
0.0690256
0.0798043
0.0901052
0.0998383
0.108953
0.117429
0.125266
0.132432
0.13903
0.145092
0.15062
0.155637
0.160209
0.164362
0.168092
0.17141
0.174369
0.177089
0.179521
0.181686
0.183602
0.185288
0.000640418
0.000428309
0.00410947
0.0109173
0.0200545
0.0307776
0.042447
0.0545461
0.0666786
0.0785562
0.0899791
0.100818
0.110997
0.12048
0.129256
0.137337
0.144698
0.151453
0.15764
0.163267
0.168358
0.172986
0.177178
0.180933
0.184263
0.187224
0.189939
0.192358
0.194502
0.196393
0.19805
0.000160104
0.00122798
0.00636938
0.0146949
0.0253113
0.0374105
0.0503171
0.0634995
0.0765627
0.0892282
0.101311
0.112698
0.123329
0.133183
0.142262
0.150589
0.158146
0.165059
0.171371
0.177097
0.182263
0.186947
0.191178
0.194958
0.198301
0.201263
0.203972
0.206377
0.208501
0.210366
0.211991
9.39513e-07
0.00254291
0.00932787
0.0193299
0.031554
0.0451273
0.0593417
0.0736567
0.0876832
0.101158
0.113913
0.125856
0.136944
0.147171
0.156554
0.165127
0.172879
0.179949
0.186388
0.192213
0.197454
0.202193
0.206462
0.210267
0.213622
0.216585
0.219287
0.221677
0.22378
0.225617
0.227208
0.000244593
0.004479
0.0131085
0.0249562
0.0389207
0.0540659
0.0696567
0.0851495
0.100168
0.114469
0.127907
0.14041
0.151956
0.162556
0.172243
0.181061
0.189008
0.196234
0.202797
0.20872
0.214036
0.218828
0.223136
0.226964
0.23033
0.233293
0.235986
0.23836
0.240439
0.242246
0.243803
0.000988571
0.00715983
0.0178525
0.0317246
0.0475646
0.0643777
0.0814088
0.0981202
0.114154
0.129293
0.143419
0.156483
0.168487
0.179458
0.189446
0.198508
0.206645
0.214024
0.22071
0.226729
0.232118
0.236963
0.241305
0.245155
0.248531
0.251492
0.254175
0.256529
0.258582
0.260356
0.261875
0.00234869
0.010729
0.0237207
0.0398033
0.0576543
0.0762271
0.0947563
0.112719
0.129786
0.14577
0.160584
0.174207
0.186663
0.198001
0.208285
0.217585
0.225908
0.233435
0.24024
0.246353
0.251812
0.256704
0.261079
0.264948
0.26833
0.271287
0.273955
0.276287
0.27831
0.280049
0.281526
0.00446209
0.0153529
0.0308957
0.0493796
0.0693741
0.0897914
0.109868
0.129107
0.147216
0.164044
0.17954
0.193715
0.206615
0.218311
0.228883
0.238413
0.246916
0.254584
0.261501
0.267702
0.273226
0.278161
0.282563
0.286447
0.289831
0.29278
0.295429
0.297735
0.299725
0.301424
0.302855
0.00749081
0.0212231
0.0395833
0.0606607
0.0829251
0.105261
0.126922
0.147451
0.166601
0.184266
0.200433
0.215144
0.228475
0.240516
0.251363
0.261113
0.269783
0.277583
0.284604
0.290884
0.296466
0.301437
0.305859
0.309751
0.313132
0.316067
0.318693
0.320967
0.322918
0.324572
0.325954
0.0116252
0.0285602
0.0500145
0.0738749
0.0985238
0.122838
0.146107
0.167927
0.188106
0.206589
0.223406
0.238634
0.252375
0.264742
0.275847
0.285801
0.294623
0.30254
0.309653
0.316001
0.32163
0.326627
0.33106
0.334951
0.338322
0.341236
0.34383
0.346066
0.347973
0.349577
0.350904
0.0170898
0.0376167
0.0624481
0.0892711
0.116403
0.142736
0.167619
0.190714
0.211897
0.231168
0.248604
0.264318
0.278442
0.291109
0.302448
0.312583
0.321537
0.329553
0.336739
0.343141
0.348803
0.353812
0.358243
0.362123
0.365474
0.368358
0.370913
0.373103
0.374958
0.376506
0.377772
0.024147
0.04868
0.0771699
0.107118
0.136808
0.165178
0.191657
0.215994
0.238138
0.258153
0.276166
0.292326
0.306794
0.319725
0.331267
0.341554
0.350612
0.358701
0.365939
0.372373
0.378049
0.383052
0.387467
0.391321
0.394639
0.397483
0.399988
0.402123
0.403919
0.405403
0.406602
0.0331058
0.0620784
0.0944981
0.127709
0.159998
0.190392
0.218425
0.243946
0.266991
0.28769
0.306219
0.322771
0.337533
0.350683
0.362384
0.372785
0.381911
0.390042
0.397301
0.403741
0.409407
0.414384
0.418762
0.422573
0.425844
0.428633
0.431077
0.433146
0.434874
0.436288
0.437414
0.0443264
0.0781818
0.114778
0.151349
0.186243
0.218611
0.248122
0.274744
0.298604
0.319905
0.338876
0.355749
0.370739
0.384048
0.395854
0.406317
0.415468
0.423598
0.430841
0.437253
0.44288
0.447803
0.45212
0.455868
0.459073
0.461793
0.464162
0.466155
0.467804
0.469139
0.470186
0.058231
0.0974066
0.138388
0.178365
0.215816
0.250064
0.280941
0.308547
0.333109
0.354905
0.374219
0.391321
0.406456
0.419847
0.431688
0.442151
0.451268
0.459347
0.466529
0.472873
0.478424
0.48326
0.487489
0.491149
0.494267
0.496901
0.499179
0.501082
0.502644
0.503892
0.504854
0.0753115
0.120219
0.16573
0.209094
0.248991
0.284972
0.317057
0.34549
0.370607
0.392762
0.412292
0.429507
0.444683
0.45806
0.469849
0.480235
0.48925
0.497216
0.504281
0.510507
0.515938
0.520651
0.524759
0.528304
0.531311
0.533838
0.536009
0.537811
0.539274
0.540428
0.5413
0.0961388
0.147135
0.197234
0.243874
0.286032
0.323534
0.356613
0.385672
0.411155
0.433494
0.453082
0.470267
0.485351
0.498598
0.510232
0.520446
0.529277
0.537057
0.54394
0.549992
0.555253
0.559801
0.563751
0.567148
0.570019
0.572419
0.574467
0.576153
0.577508
0.578561
0.579339
0.121377
0.17872
0.233347
0.283043
0.327184
0.365915
0.399712
0.429134
0.454745
0.477053
0.496503
0.513482
0.528319
0.541295
0.552648
0.562581
0.571133
0.578644
0.585272
0.591083
0.596121
0.600456
0.604209
0.607426
0.610134
0.612385
0.614292
0.615849
0.617087
0.618035
0.618716
0.151784
0.215586
0.274521
0.326917
0.372647
0.412224
0.446378
0.47584
0.501282
0.523294
0.542369
0.558934
0.573339
0.585882
0.59681
0.606336
0.614504
0.621653
0.627945
0.633447
0.6382
0.642274
0.645788
0.64879
0.651307
0.653387
0.655136
0.656553
0.657667
0.658504
0.659089
0.188228
0.258379
0.321194
0.375766
0.422554
0.462483
0.496541
0.525636
0.550551
0.571949
0.590374
0.60628
0.620041
0.631966
0.642313
0.651297
0.658964
0.665654
0.671525
0.676645
0.681053
0.684814
0.688048
0.690802
0.6931
0.69499
0.696567
0.697833
0.698817
0.699543
0.700033
0.231681
0.307762
0.373772
0.429779
0.476929
0.516575
0.549978
0.578216
0.602178
0.622594
0.640051
0.655029
0.667915
0.679027
0.688624
0.696924
0.703975
0.710106
0.71547
0.720134
0.724138
0.72754
0.730454
0.732927
0.734984
0.736665
0.738058
0.739167
0.740017
0.740632
0.741032
0.283197
0.364374
0.432552
0.489001
0.535612
0.574188
0.606261
0.633064
0.655588
0.674613
0.69076
0.704522
0.716292
0.72639
0.735068
0.742543
0.748865
0.754343
0.759121
0.763265
0.766809
0.769809
0.77237
0.774537
0.776331
0.777789
0.77899
0.779936
0.780653
0.78116
0.781477
0.343893
0.428761
0.497657
0.553234
0.598176
0.634733
0.664684
0.689408
0.709963
0.727166
0.741651
0.75391
0.764332
0.773226
0.780834
0.787358
0.792851
0.797594
0.801721
0.805289
0.808332
0.810896
0.813079
0.814919
0.816437
0.817665
0.818668
0.819453
0.820039
0.820445
0.820687
0.414834
0.501234
0.568866
0.621889
0.663789
0.697227
0.724191
0.746151
0.764203
0.779167
0.791661
0.802164
0.811037
0.818564
0.824978
0.830453
0.835043
0.838994
0.842421
0.845376
0.847888
0.849998
0.851789
0.853294
0.854531
0.855526
0.856335
0.856961
0.857424
0.857737
0.857914
0.496828
0.581621
0.645356
0.693764
0.73105
0.760191
0.783292
0.80184
0.816911
0.829281
0.839525
0.848073
0.855252
0.861315
0.866452
0.87082
0.874469
0.877599
0.880308
0.882637
0.884612
0.886265
0.887665
0.888838
0.889798
0.890567
0.891188
0.891666
0.892014
0.892245
0.892368
0.589954
0.668754
0.725317
0.76677
0.797816
0.821547
0.84003
0.854659
0.866405
0.875953
0.883798
0.890301
0.89573
0.900291
0.904141
0.907402
0.910117
0.912438
0.914443
0.916163
0.917617
0.918831
0.919856
0.920714
0.921413
0.921972
0.92242
0.922762
0.923009
0.923169
0.923249
0.692555
0.759694
0.805423
0.837655
0.86109
0.878607
0.892011
0.902475
0.910783
0.917477
0.922937
0.927433
0.931168
0.934293
0.936921
0.939141
0.940982
0.942552
0.943903
0.945062
0.94604
0.946854
0.947541
0.948112
0.948579
0.94895
0.949246
0.949471
0.949631
0.949733
0.949782
0.799342
0.848663
0.880396
0.901881
0.91706
0.928168
0.936532
0.942982
0.948053
0.952108
0.955392
0.958085
0.960313
0.962168
0.963725
0.965036
0.96612
0.967043
0.967837
0.968515
0.969087
0.969562
0.969962
0.970295
0.970566
0.970779
0.97095
0.971079
0.97117
0.971228
0.971253
0.898839
0.926282
0.942994
0.953904
0.961429
0.966833
0.970852
0.973923
0.976318
0.978221
0.979755
0.981008
0.982041
0.9829
0.983618
0.98422
0.984718
0.985142
0.985505
0.985816
0.986078
0.986295
0.986477
0.986629
0.986752
0.98685
0.986927
0.986985
0.987026
0.987051
0.987062
0.972423
0.980424
0.985091
0.988064
0.990079
0.99151
0.992565
0.993365
0.993986
0.99448
0.994873
0.995195
0.995461
0.995679
0.995864
0.996018
0.996145
0.996253
0.996346
0.996425
0.996492
0.996547
0.996593
0.996632
0.996663
0.996686
0.996705
0.99672
0.99673
0.996737
0.996739
1
1
1
1
1
1
nan
1
1
1
1
1
1
1
1
1
1
1
1
1
1
1
1
1
1
1
1
1
1
1
1
