0.93713
0.944462
0.952077
0.959653
0.966929
0.973697
0.979805
0.985147
0.989664
0.993332
0.996157
0.99817
0.999418
0.999963
0.999873
0.999221
0.998099
0.996566
0.994676
0.992486
0.990067
0.987495
0.984791
0.981985
0.97912
0.976238
0.973366
0.970516
0.967705
0.96495
0.962264
0.937153
0.944487
0.952103
0.95968
0.966955
0.973721
0.979827
0.985167
0.989681
0.993345
0.996167
0.998176
0.999422
0.999964
0.999871
0.999217
0.998092
0.996558
0.994665
0.992474
0.990054
0.987482
0.984776
0.98197
0.979105
0.976222
0.97335
0.970499
0.967689
0.964934
0.962247
0.937223
0.944564
0.952183
0.95976
0.967032
0.973794
0.979893
0.985225
0.98973
0.993385
0.996197
0.998197
0.999433
0.999967
0.999866
0.999204
0.998073
0.996532
0.994635
0.992439
0.990016
0.98744
0.984732
0.981924
0.979057
0.976174
0.973301
0.97045
0.96764
0.964886
0.9622
0.93734
0.944692
0.952316
0.959893
0.967161
0.973915
0.980002
0.985321
0.989812
0.993451
0.996248
0.998231
0.999452
0.999971
0.999857
0.999183
0.99804
0.99649
0.994584
0.992381
0.989952
0.987371
0.984658
0.981847
0.978978
0.976093
0.97322
0.970369
0.967559
0.964805
0.96212
0.937503
0.94487
0.952502
0.960079
0.967341
0.974084
0.980156
0.985456
0.989926
0.993543
0.996317
0.998279
0.999478
0.999977
0.999844
0.999152
0.997994
0.996431
0.994513
0.992299
0.989861
0.987273
0.984555
0.98174
0.978868
0.97598
0.973105
0.970254
0.967445
0.964692
0.962008
0.937714
0.9451
0.952741
0.960318
0.967572
0.9743
0.980352
0.985628
0.990071
0.993661
0.996406
0.998339
0.999511
0.999983
0.999826
0.999112
0.997935
0.996354
0.99442
0.992194
0.989744
0.987147
0.984422
0.981601
0.978725
0.975835
0.972959
0.970107
0.967298
0.964546
0.961864
0.937971
0.945381
0.953033
0.96061
0.967853
0.974563
0.98059
0.985837
0.990247
0.993802
0.996512
0.998411
0.999549
0.999989
0.999803
0.999062
0.997861
0.996258
0.994306
0.992064
0.989601
0.986993
0.984259
0.981431
0.97855
0.975657
0.972779
0.969926
0.967118
0.964368
0.961688
0.938276
0.945713
0.953377
0.960953
0.968184
0.974872
0.98087
0.986082
0.990453
0.993968
0.996636
0.998493
0.999592
0.999995
0.999774
0.999001
0.997772
0.996144
0.994171
0.991909
0.989431
0.98681
0.984065
0.981229
0.978343
0.975446
0.972566
0.969713
0.966905
0.964156
0.96148
0.938629
0.946096
0.953773
0.961347
0.968564
0.975226
0.98119
0.986361
0.990688
0.994155
0.996776
0.998586
0.999639
0.999999
0.999737
0.998929
0.997667
0.996011
0.994012
0.991729
0.989233
0.986597
0.983841
0.980996
0.978103
0.975202
0.972319
0.969465
0.966658
0.963912
0.961239
0.939029
0.946529
0.954221
0.961793
0.968992
0.975624
0.981549
0.986674
0.990951
0.994364
0.99693
0.998687
0.999688
1
0.999693
0.998844
0.997546
0.995857
0.99383
0.991523
0.989007
0.986354
0.983585
0.98073
0.97783
0.974925
0.972039
0.969185
0.966379
0.963635
0.960966
0.939476
0.947014
0.954721
0.962288
0.969467
0.976066
0.981947
0.98702
0.991239
0.994593
0.997099
0.998796
0.99974
0.999997
0.99964
0.998745
0.997407
0.995683
0.993624
0.99129
0.988752
0.986081
0.983297
0.980431
0.977523
0.974613
0.971725
0.96887
0.966065
0.963324
0.960659
0.939972
0.947548
0.95527
0.962833
0.969988
0.976549
0.982381
0.987396
0.991552
0.99484
0.997279
0.99891
0.999791
0.999988
0.999577
0.998631
0.997249
0.995486
0.993393
0.99103
0.988467
0.985777
0.982977
0.980099
0.977183
0.974267
0.971376
0.96852
0.965717
0.962979
0.960319
0.940515
0.948133
0.95587
0.963425
0.970555
0.977073
0.98285
0.987802
0.991888
0.995103
0.997469
0.999028
0.99984
0.999973
0.999501
0.998502
0.997071
0.995266
0.993136
0.990741
0.988152
0.98544
0.982623
0.979733
0.976807
0.973887
0.970992
0.968136
0.965335
0.962601
0.959946
0.941107
0.948767
0.956519
0.964065
0.971164
0.977636
0.983352
0.988235
0.992245
0.995381
0.997667
0.999149
0.999886
0.999949
0.999413
0.998355
0.996872
0.995021
0.992852
0.990423
0.987806
0.985071
0.982236
0.979332
0.976397
0.97347
0.970573
0.967717
0.964917
0.962188
0.959539
0.941747
0.94945
0.957217
0.96475
0.971816
0.978235
0.983886
0.988693
0.992621
0.995672
0.997872
0.99927
0.999927
0.999915
0.999309
0.998188
0.996651
0.994751
0.992539
0.990075
0.987427
0.984668
0.981814
0.978895
0.975951
0.973018
0.970118
0.967261
0.964464
0.961739
0.959097
0.942434
0.950181
0.957961
0.96548
0.972507
0.97887
0.984449
0.989174
0.993014
0.995973
0.998082
0.999389
0.999961
0.999868
0.999189
0.998001
0.996405
0.994453
0.992197
0.989694
0.987015
0.98423
0.981356
0.978422
0.975468
0.972529
0.969626
0.966769
0.963975
0.961255
0.95862
0.943169
0.950961
0.958752
0.966253
0.973238
0.979538
0.985039
0.989676
0.993421
0.996282
0.998293
0.999505
0.999985
0.999808
0.99905
0.997792
0.996134
0.994127
0.991823
0.98928
0.986568
0.983757
0.980862
0.977912
0.974947
0.972003
0.969096
0.96624
0.963449
0.960735
0.958108
0.943951
0.951787
0.959587
0.967067
0.974004
0.980237
0.985655
0.990196
0.99384
0.996597
0.998503
0.999614
0.999998
0.999731
0.998891
0.997559
0.995835
0.993771
0.991417
0.988833
0.986086
0.983247
0.98033
0.977364
0.974388
0.971437
0.968528
0.965673
0.962885
0.960178
0.957559
0.94478
0.952659
0.960466
0.96792
0.974805
0.980964
0.986292
0.990733
0.994269
0.996915
0.998711
0.999715
0.999998
0.999636
0.998709
0.997299
0.995507
0.993383
0.990977
0.988349
0.985566
0.982698
0.979758
0.976776
0.97379
0.970833
0.967921
0.965067
0.962283
0.959583
0.956973
0.945654
0.953576
0.961386
0.968811
0.975639
0.981718
0.98695
0.991283
0.994704
0.997233
0.998913
0.999805
0.999981
0.99952
0.998503
0.997011
0.995147
0.992961
0.990501
0.987828
0.985008
0.98211
0.979147
0.976148
0.97315
0.970187
0.967273
0.96442
0.961642
0.958948
0.956349
0.946574
0.954536
0.962347
0.969737
0.976501
0.982495
0.987624
0.991843
0.995143
0.997549
0.999107
0.999881
0.999946
0.999381
0.998269
0.996692
0.994754
0.992503
0.989988
0.987267
0.984409
0.98148
0.978493
0.975477
0.972469
0.9695
0.966584
0.963733
0.960959
0.958274
0.955685
0.947538
0.955538
0.963345
0.970695
0.977391
0.983293
0.988313
0.992411
0.995584
0.99786
0.99929
0.999941
0.999889
0.999216
0.998006
0.996341
0.994326
0.992008
0.989435
0.986666
0.983768
0.980808
0.977797
0.974763
0.971744
0.96877
0.965852
0.963003
0.960235
0.957559
0.954981
0.948545
0.956579
0.964378
0.971685
0.978306
0.984109
0.989013
0.992983
0.996022
0.998163
0.999459
0.999981
0.999808
0.999023
0.997711
0.995955
0.99386
0.991472
0.98884
0.986021
0.983083
0.980091
0.977055
0.974004
0.970973
0.967994
0.965075
0.962228
0.959467
0.9568
0.954235
0.949593
0.957659
0.965445
0.972702
0.979242
0.98494
0.989721
0.993557
0.996456
0.998454
0.999611
0.999999
0.9997
0.998799
0.997381
0.995531
0.993354
0.990895
0.988201
0.985331
0.982352
0.979327
0.976266
0.973197
0.970156
0.967171
0.964251
0.961408
0.958654
0.955997
0.953445
0.95068
0.958775
0.966544
0.973744
0.980197
0.985782
0.990434
0.994129
0.996881
0.998731
0.999743
0.999992
0.999562
0.99854
0.997014
0.995066
0.992804
0.990272
0.987515
0.984594
0.981573
0.978513
0.975427
0.972341
0.969289
0.9663
0.963379
0.96054
0.957793
0.955147
0.952609
0.951806
0.959924
0.96767
0.974809
0.981167
0.986634
0.991149
0.994696
0.997294
0.99899
0.999851
0.999956
0.999391
0.998245
0.996606
0.994558
0.992209
0.989601
0.986781
0.983806
0.980742
0.977649
0.974537
0.971433
0.968371
0.965377
0.962457
0.959622
0.956883
0.954249
0.951725
0.952967
0.961104
0.968823
0.975893
0.982151
0.987491
0.991863
0.995254
0.997692
0.999228
0.999933
0.999888
0.999183
0.997909
0.996154
0.994003
0.991565
0.98888
0.985994
0.982965
0.979857
0.97673
0.973592
0.97047
0.967398
0.964401
0.96148
0.958651
0.955921
0.953299
0.95079
0.954162
0.962314
0.969998
0.976993
0.983143
0.988351
0.992571
0.995801
0.998072
0.999441
0.999983
0.999784
0.998935
0.997529
0.995654
0.993398
0.990868
0.988104
0.985151
0.982067
0.978916
0.975754
0.97259
0.96945
0.966368
0.963368
0.960448
0.957624
0.954904
0.952295
0.949802
0.955388
0.963549
0.971194
0.978107
0.984142
0.98921
0.993272
0.996333
0.99843
0.999626
1
0.999641
0.998643
0.997101
0.995104
0.992739
0.990116
0.987271
0.98425
0.98111
0.977913
0.974716
0.971527
0.96837
0.965278
0.962275
0.959357
0.956538
0.953829
0.951234
0.948757
0.956643
0.964808
0.972406
0.979231
0.985144
0.990064
0.99396
0.996845
0.998762
0.999778
0.999978
0.999455
0.998304
0.996621
0.994499
0.992023
0.989304
0.986376
0.983286
0.980089
0.976847
0.973615
0.970399
0.967225
0.964124
0.961118
0.958202
0.95539
0.952692
0.950111
0.947652
0.957924
0.966088
0.973633
0.980363
0.986146
0.99091
0.994633
0.997334
0.999063
0.999894
0.999915
0.999221
0.997912
0.996086
0.993834
0.991244
0.988427
0.985416
0.982254
0.978999
0.975712
0.972444
0.969202
0.966011
0.962901
0.959894
0.956979
0.954175
0.951488
0.948923
0.946482
0.959229
0.967385
0.974871
0.981498
0.987144
0.991745
0.995287
0.997797
0.999331
0.99997
0.999804
0.998935
0.997464
0.995489
0.993105
0.990399
0.987481
0.984384
0.981151
0.977837
0.974504
0.9712
0.967931
0.964723
0.961605
0.958596
0.955685
0.952889
0.950214
0.947665
0.945243
0.960554
0.968697
0.976117
0.982635
0.988136
0.992565
0.995918
0.998229
0.999561
1
0.999642
0.998592
0.996953
0.994827
0.992307
0.989481
0.986461
0.983277
0.97997
0.976597
0.973217
0.969877
0.966582
0.963357
0.960231
0.957221
0.954314
0.951526
0.948864
0.946331
0.943929
0.961897
0.970021
0.977369
0.983769
0.989117
0.993367
0.996522
0.998626
0.999748
0.99998
0.999424
0.998187
0.996375
0.994093
0.991434
0.988486
0.985361
0.982087
0.978706
0.975273
0.971846
0.968469
0.965148
0.961906
0.958773
0.955762
0.952859
0.95008
0.947432
0.944916
0.942535
0.963255
0.971355
0.978623
0.984898
0.990085
0.994146
0.997095
0.998983
0.999887
0.999904
0.999143
0.997713
0.995724
0.993281
0.990479
0.987406
0.984174
0.98081
0.977353
0.973858
0.970383
0.966969
0.963622
0.960364
0.957223
0.954213
0.951314
0.948545
0.945911
0.943413
0.941053
0.964626
0.972695
0.979878
0.986019
0.991035
0.994899
0.997633
0.999295
0.999973
0.999768
0.998794
0.997165
0.994993
0.992384
0.989436
0.986235
0.982894
0.979436
0.975902
0.972345
0.968822
0.965371
0.961997
0.958723
0.955576
0.952566
0.949672
0.946913
0.944294
0.941815
0.939476
0.966007
0.974041
0.981129
0.987129
0.991966
0.995623
0.998131
0.999559
1
0.999564
0.99837
0.996535
0.994174
0.991395
0.988296
0.984964
0.981511
0.977958
0.974346
0.970726
0.967154
0.963666
0.960265
0.956975
0.953821
0.950812
0.947923
0.945176
0.942572
0.940112
0.937796
0.967397
0.975388
0.982375
0.988225
0.992873
0.996311
0.998584
0.999766
0.999962
0.999286
0.997863
0.995815
0.99326
0.990306
0.987051
0.983585
0.980017
0.976367
0.972675
0.968992
0.96537
0.961844
0.958417
0.955111
0.951951
0.948943
0.94606
0.943324
0.940736
0.938296
0.936002
0.968792
0.976735
0.983614
0.989304
0.993752
0.996961
0.998986
0.999912
0.999851
0.998926
0.997266
0.994997
0.99224
0.989105
0.985692
0.982087
0.978402
0.974654
0.970879
0.967131
0.96346
0.959896
0.956442
0.95312
0.949954
0.946948
0.944071
0.941347
0.938775
0.936355
0.934085
0.970192
0.978081
0.984843
0.990363
0.994599
0.997567
0.999332
0.99999
0.99966
0.998475
0.996569
0.994071
0.991105
0.987784
0.984207
0.98046
0.976655
0.972805
0.968948
0.965134
0.961412
0.957809
0.954328
0.950991
0.947819
0.944816
0.941945
0.939233
0.936678
0.934279
0.932033
0.971596
0.979424
0.986059
0.991398
0.99541
0.998124
0.999614
0.99999
0.99938
0.997924
0.99576
0.993025
0.989844
0.98633
0.982584
0.978691
0.974762
0.97081
0.966868
0.962987
0.959213
0.955572
0.952064
0.94871
0.945533
0.942532
0.939669
0.936969
0.934431
0.932054
0.929832
0.973002
0.980762
0.987261
0.992407
0.99618
0.998624
0.999826
0.999905
0.999001
0.99726
0.994829
0.991847
0.988442
0.984729
0.980809
0.976767
0.972711
0.968653
0.964624
0.960675
0.956849
0.953169
0.949633
0.946264
0.943081
0.940083
0.937227
0.934541
0.932021
0.929665
0.927468
0.97441
0.982095
0.988446
0.993385
0.996904
0.999062
0.999958
0.999724
0.998511
0.996473
0.993762
0.990523
0.986886
0.982967
0.978867
0.974671
0.970486
0.966319
0.962202
0.958183
0.954305
0.950584
0.947021
0.943636
0.940448
0.937454
0.934605
0.931932
0.92943
0.927096
0.924924
0.975819
0.983421
0.989612
0.994327
0.997576
0.999428
1
0.999436
0.997897
0.995547
0.992544
0.989037
0.985159
0.981027
0.976742
0.972387
0.968069
0.96379
0.959584
0.955494
0.951562
0.9478
0.94421
0.940809
0.937616
0.934624
0.931784
0.929124
0.92664
0.924329
0.922183
0.977231
0.984738
0.990756
0.99523
0.998187
0.999714
0.999941
0.999027
0.997145
0.994466
0.991158
0.987372
0.983243
0.978891
0.974414
0.969895
0.96544
0.961048
0.956749
0.952587
0.948601
0.944798
0.941179
0.937762
0.934564
0.931576
0.928744
0.926097
0.923632
0.921343
0.919224
0.978645
0.986046
0.991873
0.996087
0.99873
0.999907
0.999767
0.998482
0.996237
0.993213
0.989584
0.985507
0.981118
0.976536
0.971861
0.967175
0.962579
0.95807
0.953677
0.949442
0.945399
0.941555
0.937907
0.934474
0.931271
0.928287
0.925462
0.92283
0.920384
0.918118
0.916024
0.980061
0.987343
0.99296
0.99689
0.999194
0.999996
0.999462
0.997783
0.995153
0.991767
0.987802
0.983419
0.978759
0.97394
0.969061
0.964201
0.95946
0.954833
0.950343
0.946033
0.941934
0.938047
0.93437
0.930921
0.927713
0.924732
0.921916
0.919297
0.91687
0.914627
0.91256
0.98148
0.988627
0.994012
0.99763
0.999566
0.999965
0.99901
0.99691
0.993873
0.990103
0.985785
0.981084
0.976142
0.971077
0.965987
0.960948
0.956059
0.951309
0.946721
0.942334
0.938177
0.934247
0.93054
0.927075
0.923862
0.920885
0.918076
0.915472
0.913064
0.910844
0.908804
0.982903
0.989895
0.995021
0.998299
0.999834
0.999795
0.998389
0.99584
0.992371
0.988197
0.983508
0.978474
0.973238
0.967918
0.962609
0.957386
0.952345
0.947469
0.942781
0.938316
0.9341
0.930126
0.926389
0.922907
0.919688
0.916715
0.913915
0.911325
0.908936
0.906739
0.904726
0.984329
0.991143
0.995979
0.998881
0.999979
0.999468
0.997575
0.994546
0.990619
0.986017
0.980939
0.975557
0.970015
0.96443
0.958896
0.953484
0.948285
0.943281
0.93849
0.933945
0.92967
0.925651
0.921884
0.918384
0.91516
0.91219
0.909398
0.906822
0.904452
0.902279
0.900292
0.985757
0.992365
0.996877
0.999363
0.999982
0.998957
0.996541
0.992999
0.988584
0.98353
0.978043
0.972297
0.966437
0.960578
0.954811
0.949204
0.943845
0.938709
0.933813
0.929187
0.924851
0.920786
0.916987
0.91347
0.91024
0.907273
0.904489
0.901927
0.899577
0.897427
0.895467
0.987186
0.993554
0.997701
0.999725
0.999819
0.998235
0.995255
0.991163
0.98623
0.9807
0.974783
0.968657
0.962465
0.956322
0.950315
0.944507
0.938984
0.933714
0.92871
0.924001
0.919603
0.915491
0.911661
0.908125
0.904889
0.901925
0.899149
0.896601
0.89427
0.892143
0.89021
0.988612
0.994701
0.998434
0.999944
0.999461
0.99727
0.99368
0.989001
0.983517
0.977482
0.971114
0.964591
0.958056
0.951619
0.945364
0.93935
0.933658
0.928251
0.923138
0.918344
0.913882
0.909723
0.90586
0.902306
0.899063
0.896102
0.893333
0.890799
0.888486
0.886383
0.884477
0.99003
0.995794
0.999057
0.999995
0.998876
0.996023
0.991776
0.986467
0.980397
0.973831
0.96699
0.960053
0.953161
0.94642
0.93991
0.933685
0.927821
0.922273
0.917048
0.912168
0.907642
0.903435
0.899538
0.895964
0.892715
0.889756
0.886994
0.884473
0.882179
0.880099
0.87822
0.991432
0.996815
0.999547
0.999845
0.998026
0.994452
0.989495
0.983512
0.976821
0.969695
0.962358
0.954989
0.947727
0.940673
0.933901
0.92746
0.921419
0.915728
0.910389
0.905422
0.900829
0.896573
0.892642
0.889048
0.885791
0.882834
0.880078
0.877571
0.875296
0.873239
0.871387
0.992808
0.997746
0.999872
0.999458
0.996866
0.992506
0.986784
0.980081
0.972731
0.965014
0.957159
0.949342
0.941697
0.93432
0.927279
0.920616
0.914395
0.908559
0.903104
0.898047
0.893387
0.88908
0.885115
0.8815
0.878234
0.875278
0.872529
0.870035
0.867778
0.865745
0.863919
0.994144
0.998562
1
0.998787
0.995346
0.990129
0.983582
0.97611
0.968062
0.959726
0.951329
0.943047
0.935007
0.927298
0.919981
0.913092
0.906687
0.900703
0.89513
0.889982
0.885253
0.880895
0.876894
0.873257
0.869983
0.867027
0.864285
0.861803
0.859565
0.857554
0.855756
0.995421
0.999231
0.999886
0.997784
0.993405
0.987258
0.979823
0.971531
0.962745
0.953759
0.944799
0.936034
0.927587
0.919538
0.911939
0.904819
0.898227
0.892092
0.8864
0.881159
0.87636
0.87195
0.867912
0.864253
0.860968
0.858013
0.855276
0.852807
0.850587
0.8486
0.846829
0.996615
0.999717
0.999483
0.996386
0.990977
0.983818
0.975429
0.966266
0.956702
0.947036
0.93749
0.928228
0.919362
0.910964
0.903078
0.895723
0.888942
0.882654
0.87684
0.871504
0.866635
0.862171
0.858095
0.854413
0.851118
0.848162
0.845431
0.842974
0.840773
0.838809
0.837065
0.997696
0.999973
0.99873
0.994525
0.987985
0.979729
0.970317
0.960229
0.949848
0.939472
0.929319
0.919545
0.91025
0.901496
0.893318
0.885723
0.878751
0.872308
0.866371
0.86094
0.855997
0.851479
0.847366
0.84366
0.840354
0.837397
0.834671
0.832226
0.830043
0.828103
0.826388
0.998626
0.999947
0.997559
0.992121
0.984341
0.974898
0.964393
0.953326
0.942088
0.930974
0.920196
0.909895
0.900162
0.891047
0.882571
0.874734
0.867568
0.86097
0.854908
0.84938
0.844363
0.839791
0.835638
0.831908
0.82859
0.825631
0.822911
0.820479
0.818314
0.816398
0.814712
0.99936
0.999572
0.995891
0.989083
0.979945
0.969222
0.957553
0.945454
0.933321
0.921444
0.910021
0.899182
0.889003
0.87952
0.870744
0.862663
0.855302
0.848547
0.84236
0.836733
0.831642
0.827014
0.822822
0.819067
0.815737
0.812776
0.810061
0.807642
0.805498
0.803607
0.80195
0.99984
0.998772
0.993631
0.985305
0.974689
0.96259
0.949683
0.936501
0.923437
0.910772
0.898689
0.887302
0.876671
0.866817
0.857738
0.849411
0.841854
0.834941
0.828629
0.822903
0.817737
0.813053
0.808822
0.805042
0.801699
0.798737
0.796028
0.793623
0.791499
0.789634
0.788009
0.999999
0.997457
0.990672
0.98067
0.968446
0.954873
0.940658
0.926343
0.912317
0.898842
0.886087
0.874144
0.863056
0.852829
0.843446
0.834873
0.827121
0.820051
0.813612
0.807787
0.802546
0.797807
0.793538
0.789733
0.786378
0.783415
0.780713
0.778323
0.77622
0.774383
0.772792
0.999755
0.995521
0.986892
0.975044
0.961079
0.945934
0.930343
0.91485
0.899832
0.885531
0.872093
0.85959
0.848044
0.837444
0.827757
0.818939
0.810992
0.803766
0.797203
0.79128
0.785964
0.781172
0.776864
0.773036
0.76967
0.766707
0.764014
0.76164
0.759561
0.757754
0.756198
0.999011
0.99284
0.982147
0.968275
0.952435
0.935622
0.918591
0.90188
0.885846
0.870707
0.856581
0.843517
0.831513
0.820542
0.810554
0.801492
0.793355
0.785976
0.77929
0.773271
0.767882
0.763037
0.758695
0.754845
0.751469
0.748508
0.745825
0.743471
0.741418
0.739644
0.738125
0.997651
0.989271
0.976279
0.960197
0.942346
0.923773
0.905244
0.887281
0.870214
0.85423
0.839416
0.825793
0.813337
0.801999
0.791715
0.782415
0.774092
0.766565
0.75976
0.753647
0.748188
0.743296
0.738921
0.735052
0.73167
0.728713
0.726045
0.723713
0.72169
0.719951
0.718474
0.995538
0.984647
0.969104
0.95062
0.930626
0.910209
0.890132
0.870893
0.852785
0.835956
0.82046
0.806285
0.793385
0.781689
0.771117
0.761586
0.753084
0.745416
0.738499
0.732298
0.726774
0.721839
0.717437
0.713553
0.710169
0.70722
0.704571
0.702265
0.700275
0.698576
0.697145
0.992509
0.978777
0.960417
0.939339
0.917075
0.894739
0.873078
0.852549
0.833399
0.815734
0.799567
0.784856
0.771525
0.759484
0.748637
0.738887
0.730217
0.722417
0.715396
0.709116
0.703534
0.698563
0.694141
0.690249
0.686868
0.683933
0.681307
0.679033
0.677082
0.675428
0.674046
0.988375
0.97144
0.949985
0.926125
0.901476
0.877162
0.853893
0.832073
0.811894
0.793411
0.776594
0.761366
0.747625
0.735258
0.724153
0.714199
0.705377
0.69746
0.690347
0.683999
0.67837
0.673373
0.66894
0.665049
0.661678
0.658764
0.65617
0.653934
0.652027
0.650423
0.649096
0.98291
0.962383
0.937552
0.910729
0.883597
0.857264
0.832381
0.809286
0.788103
0.768832
0.751396
0.735682
0.721558
0.708891
0.697552
0.687417
0.678463
0.670447
0.663261
0.656859
0.651197
0.646188
0.641757
0.637877
0.634526
0.631642
0.629087
0.626897
0.625042
0.623494
0.622228
0.975853
0.95132
0.92283
0.892882
0.863192
0.834822
0.808344
0.784006
0.761862
0.741847
0.723834
0.707674
0.693206
0.680275
0.668733
0.658446
0.649388
0.641299
0.634061
0.627627
0.621951
0.616948
0.612533
0.608679
0.605361
0.602517
0.600012
0.597877
0.596081
0.594597
0.593398
0.966894
0.937922
0.905502
0.872291
0.840002
0.809608
0.781575
0.756054
0.733009
0.71231
0.693781
0.677229
0.662467
0.649317
0.637616
0.627215
0.618089
0.609958
0.602699
0.596259
0.590593
0.585616
0.581238
0.577427
0.574156
0.571367
0.568923
0.566854
0.565126
0.563712
0.562586
0.955674
0.921818
0.885222
0.848651
0.813757
0.781389
0.751878
0.725256
0.701396
0.680095
0.661124
0.644251
0.629261
0.615952
0.604146
0.593683
0.584532
0.576402
0.56916
0.562747
0.55712
0.552197
0.54788
0.544132
0.540927
0.538207
0.535838
0.533845
0.532196
0.530861
0.529814
0.941769
0.902593
0.861612
0.821635
0.784184
0.749936
0.719059
0.691453
0.666891
0.645095
0.625781
0.608679
0.593544
0.580153
0.568312
0.557849
0.548732
0.540653
0.533471
0.527127
0.521576
0.51674
0.512511
0.508851
0.505733
0.503099
0.500821
0.498918
0.497356
0.496108
0.495146
0.924688
0.879781
0.83427
0.790906
0.751009
0.715028
0.682943
0.65451
0.629393
0.607238
0.587708
0.570493
0.555317
0.54194
0.530151
0.519765
0.51075
0.502784
0.495719
0.489493
0.484062
0.479349
0.475241
0.471696
0.468689
0.466162
0.463991
0.462189
0.460726
0.459572
0.4587
0.903861
0.852865
0.802766
0.756126
0.713968
0.676466
0.643387
0.614328
0.588845
0.566506
0.546918
0.529733
0.514649
0.501402
0.489768
0.479554
0.470723
0.462943
0.45606
0.450008
0.444747
0.440199
0.436249
0.432852
0.429981
0.427581
0.425533
0.423847
0.422492
0.421439
0.420661
0.878623
0.82128
0.766653
0.716957
0.672816
0.634085
0.600288
0.570866
0.545255
0.522947
0.503497
0.486518
0.471681
0.458705
0.447352
0.437419
0.428867
0.421356
0.414728
0.408917
0.403879
0.399544
0.395791
0.392574
0.389866
0.387615
0.385708
0.384151
0.382913
0.381965
0.381284
0.848216
0.784414
0.725479
0.673083
0.627353
0.587776
0.553622
0.52416
0.498718
0.476706
0.457631
0.441066
0.426661
0.414118
0.40319
0.393664
0.385496
0.378347
0.372055
0.366553
0.3618
0.357726
0.354212
0.35121
0.348693
0.346613
0.344864
0.343447
0.342333
0.341496
0.340911
0.811772
0.741621
0.678806
0.624234
0.577446
0.537517
0.503459
0.474364
0.449449
0.428051
0.409626
0.39372
0.379959
0.368034
0.357687
0.348703
0.341036
0.334346
0.328475
0.323355
0.318947
0.315186
0.311952
0.309198
0.3069
0.30501
0.303433
0.302167
0.301183
0.300457
0.299967
0.768319
0.692238
0.626228
0.570221
0.523071
0.483425
0.450022
0.421784
0.397822
0.377406
0.359949
0.344971
0.332085
0.320973
0.311376
0.303076
0.296025
0.289894
0.28453
0.279866
0.275862
0.27246
0.269546
0.267073
0.265016
0.263335
0.261942
0.260833
0.259983
0.259368
0.258968
0.716803
0.635626
0.567448
0.510999
0.464388
0.425812
0.393739
0.366936
0.344412
0.325387
0.30924
0.295478
0.283708
0.27361
0.264932
0.257457
0.251135
0.245657
0.240879
0.236735
0.233191
0.230191
0.22763
0.225463
0.223669
0.222211
0.22101
0.220064
0.219347
0.21884
0.218523
0.656107
0.571239
0.502343
0.446766
0.401824
0.365267
0.335316
0.310592
0.290037
0.272834
0.258349
0.24609
0.235668
0.226774
0.219166
0.212642
0.207149
0.202406
0.198279
0.194711
0.191668
0.189104
0.186921
0.185081
0.183563
0.182335
0.181332
0.180547
0.179961
0.179555
0.179313
0.585166
0.498766
0.431134
0.378111
0.336211
0.302773
0.275809
0.253849
0.235797
0.220833
0.208339
0.197836
0.188963
0.181436
0.175022
0.169547
0.164957
0.161006
0.157579
0.154624
0.152112
0.150002
0.148211
0.146706
0.145469
0.144474
0.143665
0.143039
0.142576
0.142263
0.142086
0.503172
0.418379
0.354644
0.306236
0.26895
0.239809
0.216708
0.19816
0.183089
0.170719
0.160475
0.151927
0.144748
0.138685
0.133548
0.12918
0.125531
0.122401
0.119692
0.117363
0.115388
0.113735
0.112335
0.111162
0.110202
0.109433
0.108812
0.108334
0.107986
0.107755
0.107632
0.410046
0.331246
0.274683
0.23323
0.202184
0.178453
0.15997
0.145341
0.133595
0.124047
0.116202
0.109699
0.10427
0.099709
0.0958589
0.0925977
0.0898834
0.0875617
0.085557
0.083837
0.0823828
0.0811689
0.0801437
0.0792862
0.0785869
0.0780283
0.0775803
0.0772378
0.0769911
0.0768312
0.0767506
0.307445
0.240306
0.194577
0.162345
0.13891
0.121393
0.107989
0.0975247
0.0892172
0.082523
0.0770633
0.0725665
0.0688317
0.0657066
0.0630788
0.060859
0.0590185
0.0574479
0.0560969
0.054938
0.0539596
0.0531455
0.0524595
0.0518878
0.051421
0.0510501
0.0507541
0.0505292
0.0503687
0.0502669
0.0502183
0.200658
0.151337
0.119604
0.0981188
0.0829397
0.0718322
0.0634677
0.0570181
0.0519465
0.0478923
0.0446079
0.0419155
0.0396874
0.0378315
0.0362754
0.034964
0.03388
0.0329569
0.0321632
0.0314853
0.0309135
0.0304382
0.0300385
0.0297047
0.0294344
0.0292207
0.0290497
0.0289209
0.0288295
0.0287725
0.0287467
0.101161
0.0737184
0.0570063
0.0460957
0.0385712
0.0331669
0.0291475
0.0260772
0.023682
0.0217791
0.0202448
0.0189919
0.0179593
0.0171002
0.0163821
0.0157797
0.0152816
0.0148581
0.014495
0.0141836
0.0139223
0.0137051
0.013523
0.0133713
0.0132477
0.0131505
0.0130731
0.0130148
0.012974
0.012949
0.0129378
0.0275773
0.0195758
0.0149093
0.0119362
0.00992131
0.00849009
0.00743526
0.00663495
0.00601447
0.0055204
0.00512707
0.00480497
0.00453913
0.0043211
0.00413573
0.00398159
0.00385469
0.00374663
0.00365394
0.00357485
0.00350845
0.00345325
0.00340712
0.0033685
0.00333726
0.00331402
0.00329453
0.00327981
0.00326955
0.00326335
0.00326073
0
0
0
0
0
0
nan
0
0
-2.38419e-07
0
1.19209e-07
0
0
0
1.19209e-07
-1.19209e-07
0
0
0
-1.19209e-07
1.19209e-07
1.19209e-07
0
0
0
0
0
0
0
0
