0.0573706
0.0768287
0.0791665
0.0657608
0.042998
0.0196373
0.00386598
0.000334682
0.00878697
0.0251705
0.0441121
0.0609838
0.0727954
0.0781951
0.0771107
0.0703669
0.0597044
0.0465716
0.0326097
0.0196188
0.00926915
0.00267697
4.99506e-05
0.00135299
0.00617341
0.0136879
0.022796
0.0327176
0.042663
0.0519879
0.060207
0.0574604
0.0768677
0.0791448
0.065691
0.0429074
0.0195592
0.00382735
0.000346217
0.00884078
0.0252473
0.0441906
0.0610475
0.0728341
0.078205
0.0770927
0.0703252
0.0596458
0.0465043
0.0325425
0.0195599
0.00922556
0.00265273
4.66773e-05
0.00136993
0.00620762
0.0137349
0.0228508
0.0327755
0.04272
0.0520404
0.0602524
0.0577288
0.0769837
0.0790786
0.0654809
0.0426357
0.0193253
0.00371254
0.000381999
0.00900307
0.0254777
0.0444258
0.0612377
0.0729497
0.0782341
0.0770378
0.0701993
0.0594699
0.0463024
0.0323406
0.0193837
0.00909541
0.00258065
3.75154e-05
0.00142136
0.0063108
0.0138763
0.0230154
0.0329493
0.0428905
0.0521974
0.0603882
0.0581738
0.077173
0.0789642
0.0651281
0.0421824
0.0189377
0.00352502
0.000445479
0.00927623
0.0258628
0.0448172
0.0615531
0.0731399
0.07828
0.0769441
0.0699877
0.0591755
0.0459654
0.0320048
0.0190912
0.00888036
0.0024627
2.44788e-05
0.0015091
0.00648432
0.0141131
0.0232904
0.0332391
0.0431744
0.0524585
0.0606137
0.0587917
0.0774296
0.0787962
0.0646293
0.0415479
0.0183999
0.00327037
0.000542421
0.00966413
0.026404
0.0453639
0.061991
0.0734011
0.0783392
0.0768082
0.069688
0.0587611
0.0454933
0.031536
0.0186846
0.00858325
0.00230215
1.08907e-05
0.00163613
0.00673068
0.0144471
0.0236766
0.033645
0.0435712
0.0528228
0.0609275
0.0595772
0.0777446
0.078566
0.0639794
0.0407318
0.0177167
0.00295664
0.000680811
0.0101724
0.0271029
0.0460643
0.0625475
0.0737287
0.0784063
0.0766253
0.0692962
0.0582245
0.0448853
0.0309352
0.0181665
0.00820805
0.00210362
1.40068e-06
0.00180669
0.00705321
0.0148803
0.0241753
0.0341673
0.0440803
0.0532887
0.0613278
0.0605233
0.0781072
0.0782638
0.0631727
0.0397346
0.016895
0.00259428
0.000870822
0.0108076
0.0279618
0.0469162
0.0632178
0.074116
0.0784748
0.0763896
0.0688082
0.0575633
0.0441412
0.0302045
0.0175408
0.00775995
0.00187305
1.96073e-06
0.00202606
0.00745604
0.0154158
0.0247879
0.0348061
0.0447006
0.0538545
0.061812
0.0616205
0.0785037
0.0778769
0.062202
0.0385573
0.0159431
0.002196
0.00112471
0.0115775
0.0289825
0.0479168
0.0639956
0.0745553
0.0785366
0.076094
0.0682184
0.0567742
0.0432604
0.029346
0.0168123
0.00724546
0.00161771
1.98019e-05
0.00230063
0.00794427
0.0160568
0.025516
0.0355613
0.0454309
0.0545179
0.0623769
0.0628577
0.078918
0.0773914
0.06106
0.0372017
0.0148718
0.00177713
0.00145668
0.0124912
0.0301673
0.0490623
0.0648731
0.075037
0.0785822
0.0757302
0.0675207
0.0558542
0.0422432
0.0283629
0.0159868
0.00667232
0.00134626
6.33986e-05
0.00263784
0.00852349
0.016807
0.0263613
0.0364331
0.0462697
0.0552759
0.0630188
0.0642209
0.0793313
0.0767912
0.0597388
0.0356707
0.0136939
0.00135548
0.00188268
0.0135579
0.0315176
0.0503479
0.0658417
0.0755505
0.0786009
0.0752888
0.0667086
0.0547998
0.0410896
0.0272593
0.0150713
0.00604971
0.0010687
0.000142425
0.00304601
0.00920008
0.0176703
0.0273256
0.0374209
0.0472145
0.056125
0.0637334
0.0656933
0.0797225
0.0760589
0.0582304
0.033969
0.012425
0.000951336
0.00242031
0.0147874
0.0330345
0.0517673
0.0668904
0.0760833
0.0785803
0.0747596
0.0657748
0.0536076
0.0398005
0.0260399
0.0140742
0.00538814
0.000796378
0.000267707
0.00353433
0.00998091
0.018651
0.0284103
0.038524
0.0482629
0.0570611
0.0645153
0.0672555
0.0800679
0.0751759
0.0565276
0.0321032
0.0110833
0.0005875
0.00308845
0.0161895
0.0347179
0.0533129
0.0680072
0.0766214
0.0785074
0.0741318
0.0647119
0.0522749
0.0383778
0.0247111
0.0130053
0.00469966
0.000541966
0.000451133
0.00411273
0.0108731
0.0197533
0.029617
0.0397413
0.0494118
0.0580798
0.065359
0.0688844
0.0803414
0.0741228
0.0546238
0.0300827
0.00969028
0.000289127
0.00390686
0.0177736
0.0365663
0.0549752
0.0691781
0.0771494
0.0783676
0.0733934
0.0635126
0.0507989
0.036824
0.0232802
0.0118757
0.00399772
0.00031945
0.000705561
0.00479173
0.011884
0.0209811
0.0309464
0.041071
0.0506571
0.0591751
0.0662575
0.0705539
0.0805152
0.0728797
0.0525144
0.0279194
0.00827074
8.3631e-05
0.00489599
0.0195481
0.0385769
0.056743
0.0703874
0.0776505
0.0781454
0.0725327
0.0621694
0.0491777
0.0351428
0.0217561
0.0106985
0.00329736
0.000144054
0.00104472
0.00558222
0.0130212
0.0223383
0.032399
0.0425106
0.0519941
0.0603408
0.0672037
0.0722342
0.0805592
0.0714268
0.0501965
0.025629
0.00685274
4.50578e-07
0.00607638
0.0215202
0.0407444
0.0586028
0.0716174
0.0781064
0.0778246
0.071537
0.0606755
0.0474107
0.0333397
0.0201497
0.00948818
0.00261522
3.21687e-05
0.00148303
0.00649542
0.0142919
0.0238281
0.0339746
0.0440571
0.0534175
0.0615698
0.0681892
0.0738921
0.080442
0.0697454
0.0476701
0.0232312
0.0054679
7.06697e-05
0.00746805
0.0236953
0.0430617
0.0605393
0.0728489
0.0784977
0.0773883
0.0703943
0.0590245
0.0454981
0.0314215
0.0184735
0.0082614
0.00196928
1.23867e-06
0.0020355
0.00754265
0.015703
0.0254534
0.0356724
0.0457063
0.0549207
0.0628542
0.0692052
0.075491
0.0801307
0.0678176
0.0449389
0.0207501
0.00415148
0.00032662
0.00909006
0.0260764
0.0455186
0.0625342
0.0740607
0.0788037
0.0768192
0.0690926
0.0572114
0.0434419
0.0293972
0.016742
0.0070363
0.00137912
6.96367e-05
0.00271748
0.00873498
0.0172611
0.027216
0.0374901
0.0474532
0.0564964
0.0641848
0.0702417
0.0769912
0.0795927
0.0656277
0.0420105
0.0182147
0.00294205
0.000801335
0.0109599
0.0286636
0.0481022
0.0645671
0.0752298
0.0790028
0.0760997
0.0676207
0.0552321
0.041246
0.0272775
0.0149722
0.00583313
0.000865652
0.000256482
0.00354443
0.0100831
0.0189716
0.0291168
0.0394248
0.0492916
0.0581362
0.0655519
0.0712881
0.0783498
0.078795
0.0631635
0.0388982
0.0156594
0.00188144
0.00152779
0.0130923
0.0314537
0.0507964
0.0666154
0.0763321
0.0790729
0.0752129
0.065968
0.0530845
0.0389162
0.0250763
0.0131829
0.00467403
0.000451009
0.000581461
0.00453173
0.0115973
0.0208393
0.0311554
0.0414721
0.0512141
0.0598304
0.0669448
0.0723331
0.079522
0.0777055
0.0604163
0.0356205
0.0131238
0.00101406
0.00253829
0.0154992
0.0344395
0.0535816
0.0686537
0.0773415
0.0789915
0.0741418
0.0641257
0.0507684
0.0364613
0.0228092
0.0113957
0.00358296
0.000158467
0.00106454
0.0056944
0.0132865
0.0228676
0.0333303
0.0436266
0.0532122
0.0615688
0.0683516
0.0733648
0.0804608
0.076294
0.0573822
0.0322027
0.0106531
0.000386546
0.00386331
0.0181882
0.0376098
0.0564348
0.0706543
0.078231
0.0787353
0.0728704
0.0620862
0.0482857
0.033892
0.0204953
0.00963462
0.00258556
1.21373e-05
0.00172573
0.00704672
0.0151589
0.0250586
0.0356384
0.0458811
0.0552759
0.0633395
0.0697599
0.0743702
0.0811186
0.0745332
0.0540635
0.0286773
0.00829827
4.68564e-05
0.00553071
0.0211626
0.0409485
0.0593295
0.0725875
0.0789728
0.0782825
0.0713843
0.0598448
0.0456417
0.0312232
0.0181563
0.00792587
0.00170914
3.67843e-05
0.00258474
0.008602
0.017221
0.0274124
0.0380748
0.048227
0.0573941
0.0651299
0.0711564
0.0753362
0.0814474
0.0723998
0.0504692
0.0250846
0.00611522
4.32406e-05
0.00756434
0.02442
0.0444348
0.0622357
0.0744217
0.0795386
0.077611
0.0696706
0.0573986
0.0428442
0.0284721
0.015817
0.00629819
0.000982398
0.000257464
0.00366069
0.0103722
0.0194776
0.0299277
0.040633
0.0506541
0.0595544
0.0669263
0.072527
0.0762491
0.0814007
0.0698755
0.0466166
0.0214731
0.00416462
0.000423063
0.00998322
0.0279521
0.0480426
0.0651203
0.0761237
0.0798999
0.0767004
0.0677186
0.0547482
0.0399049
0.0256599
0.0135055
0.00478263
0.000435187
0.000699199
0.00497158
0.0123676
0.0219314
0.0326006
0.0433043
0.0531506
0.061743
0.068714
0.073857
0.0770948
0.0809341
0.0669486
0.042532
0.0178998
0.00251092
0.00123134
0.0128001
0.0317437
0.0517411
0.067947
0.0776594
0.080029
0.0755317
0.0655204
0.0518973
0.0368392
0.0228116
0.0112529
0.00341236
9.81217e-05
0.00138653
0.00653407
0.0145965
0.0245831
0.0354255
0.0460786
0.0557033
0.0639448
0.0704775
0.0751312
0.0778592
0.0800068
0.0636151
0.0382517
0.0144301
0.00122124
0.0025092
0.0160204
0.0357727
0.0554943
0.0706772
0.0789938
0.0798988
0.0740883
0.063071
0.0488538
0.0336665
0.0199559
0.00909335
0.00222233
2.27796e-06
0.00234315
0.00836288
0.0170646
0.0274306
0.0383943
0.0489432
0.0582971
0.0661438
0.0722007
0.0763342
0.078528
0.0785834
0.0598801
0.0338228
0.0111378
0.000363868
0.0042921
0.0196414
0.04001
0.0592619
0.07327
0.0800921
0.0794836
0.0723561
0.0603695
0.0456293
0.0304107
0.0171256
0.00706418
0.0012491
0.000178684
0.00359131
0.0104705
0.0197752
0.0304691
0.0414963
0.0518839
0.0609158
0.068323
0.0738667
0.0774502
0.0790871
0.0766353
0.0557593
0.0293045
0.00810385
6.43562e-06
0.00660797
0.0236507
0.0444189
0.0629992
0.0756834
0.0809202
0.0787603
0.0703246
0.0574185
0.0422407
0.0271003
0.0143573
0.00520533
0.000530319
0.000657812
0.00515138
0.0128668
0.0227283
0.0336913
0.0447185
0.0548845
0.0635416
0.0704646
0.0754587
0.0784639
0.079523
0.0741419
0.0512806
0.0247674
0.00541597
0.000213713
0.00947548
0.0280264
0.048956
0.0666582
0.0778745
0.0814452
0.0777083
0.0679867
0.0542259
0.0387092
0.0237686
0.0116918
0.00355927
0.000104319
0.00146901
0.00704117
0.0155582
0.025921
0.0370865
0.0480457
0.0579269
0.0661556
0.0725501
0.0769594
0.0793597
0.0798224
0.0710928
0.0464844
0.0202949
0.00316666
0.00104512
0.0129022
0.0327358
0.0535712
0.0701883
0.0798007
0.0816363
0.0763104
0.0653399
0.0508037
0.0350617
0.0204536
0.00917352
0.00217063
9.51423e-06
0.00263983
0.00927563
0.0185477
0.0293466
0.0406414
0.0514602
0.0609917
0.0687384
0.0745608
0.0783518
0.0801229
0.079973
0.0674889
0.041426
0.0159824
0.00145119
0.00255205
0.0168833
0.0377367
0.0582092
0.073537
0.0814204
0.0814652
0.074553
0.0623863
0.0471701
0.0313304
0.0171988
0.00685081
0.00108563
0.000283725
0.00419537
0.0118658
0.0218345
0.0329946
0.0443395
0.0549422
0.0640581
0.0712695
0.0764778
0.0796193
0.0807393
0.0799635
0.0633445
0.0361757
0.0119368
0.000365025
0.00477483
0.0213996
0.0429757
0.0628092
0.0766515
0.0826938
0.0809073
0.0724271
0.0591331
0.0433483
0.0275533
0.0140521
0.00477503
0.000351568
0.000963451
0.00615754
0.0148191
0.0254135
0.0368516
0.0481613
0.0584701
0.0671041
0.073728
0.0782826
0.0807457
0.0811956
0.0797833
0.0586884
0.0308205
0.00827543
3.98467e-07
0.00774
0.0264179
0.0483914
0.067308
0.0794794
0.083584
0.0799421
0.0699291
0.0555933
0.0393682
0.0237743
0.0110668
0.00300076
1.61024e-05
0.00208297
0.00854428
0.0181377
0.0292752
0.0408999
0.0520854
0.0620205
0.0701072
0.0760937
0.0799572
0.0817162
0.0814801
0.0794238
0.0535653
0.0254639
0.00512423
0.000442558
0.0114573
0.0318898
0.053914
0.0716397
0.0819698
0.0840576
0.0785534
0.0670599
0.0517858
0.0352656
0.0200437
0.00830083
0.0015849
0.000126352
0.00367348
0.0113689
0.0218193
0.0334056
0.0451185
0.0560875
0.0655692
0.0730446
0.0783461
0.0814844
0.0825166
0.0815818
0.0788772
0.0480382
0.0202275
0.00261486
0.00176531
0.015918
0.0377527
0.0594672
0.0757384
0.0840749
0.0840855
0.0767301
0.0638264
0.0477359
0.0310832
0.0164182
0.00581694
0.000586118
0.000727952
0.00576208
0.0146393
0.0258559
0.0377864
0.0494833
0.0601416
0.069091
0.0758936
0.0804658
0.0828482
0.0831346
0.0814916
0.0781376
0.042189
0.0152496
0.000880969
0.00402642
0.0210924
0.0439308
0.0649706
0.0795396
0.0857506
0.0836435
0.0744668
0.0602417
0.0434755
0.0268713
0.0129608
0.003682
6.39409e-05
0.00186385
0.0083708
0.0183573
0.030234
0.0423947
0.0539674
0.0642204
0.0725605
0.0786321
0.0824343
0.084034
0.083559
0.0812018
0.0772002
0.0361209
0.0106854
5.32506e-05
0.00726285
0.0269297
0.0503368
0.0703416
0.0829812
0.0869579
0.0827127
0.0717633
0.0563251
0.0390437
0.0226876
0.0097415
0.00196666
7.75351e-05
0.0035731
0.0115155
0.0225185
0.0349348
0.047204
0.0585418
0.0682957
0.0759527
0.0812391
0.0842348
0.0850288
0.0837806
0.0807066
0.0760623
0.0299598
0.00670464
0.00025332
0.0114866
0.0333582
0.056875
0.0754979
0.0860058
0.0876629
0.0812798
0.0686255
0.052102
0.0344876
0.0185979
0.00683654
0.000744392
0.000684454
0.00588937
0.0152049
0.0271113
0.0399341
0.0521846
0.0631757
0.0723393
0.0792432
0.0836949
0.0858521
0.0858214
0.0837918
0.0800012
0.0747219
0.0238564
0.00348825
0.00158662
0.0166812
0.0402867
0.0634437
0.0803596
0.0885613
0.0878376
0.0793373
0.0650652
0.0476059
0.0298632
0.0146769
0.00432884
9.04077e-05
0.00193901
0.00883976
0.0194401
0.0321175
0.0452026
0.0573034
0.0678375
0.0763234
0.0824095
0.0859818
0.0872729
0.0864027
0.0835866
0.0790826
0.0731785
0.0179877
0.00122311
0.00413459
0.0227998
0.0476081
0.0699389
0.0848516
0.0906023
0.0874603
0.0768828
0.0611002
0.0428777
0.0252355
0.011009
0.00230703
8.01055e-05
0.00389031
0.012443
0.0242135
0.0375121
0.0507073
0.0625261
0.0724957
0.0802214
0.0854304
0.0880841
0.0884862
0.0867652
0.0831608
0.0779492
0.0714328
0.0125568
9.43428e-05
0.00794717
0.0297649
0.055202
0.076258
0.0889051
0.0920899
0.0865148
0.0739199
0.056755
0.0379672
0.0206808
0.0076875
0.00086473
0.000787085
0.0065805
0.0167086
0.0295092
0.0432638
0.0564114
0.0678171
0.0771194
0.0840087
0.0882874
0.0899888
0.089483
0.0869033
0.0825112
0.0765999
0.0694857
0.00779254
0.000275139
0.0130358
0.0374703
0.0629407
0.0823028
0.0924595
0.0929927
0.0849907
0.0704568
0.0520616
0.0329351
0.0162876
0.00481642
9.87437e-05
0.00228071
0.0100423
0.0216355
0.0353022
0.049336
0.0622761
0.0731412
0.0816796
0.087663
0.0909646
0.0916848
0.0902563
0.0868129
0.0816359
0.0750346
0.067339
0.00394476
0.00191477
0.0193691
0.0457857
0.070694
0.0879825
0.0954627
0.0932854
0.0828821
0.0665074
0.0470598
0.0278541
0.0121575
0.0025083
0.000107008
0.00462349
0.0142978
0.027212
0.04156
0.0556877
0.0682613
0.0784643
0.0861497
0.0911649
0.0934488
0.0931636
0.0908007
0.0864907
0.0805333
0.0732532
0.0649943
0.0012765
0.00512543
0.0268707
0.0545619
0.0783342
0.0932163
0.0978711
0.0929487
0.0801874
0.0620917
0.0418005
0.0228117
0.00840682
0.00088403
0.000985491
0.00786799
0.0193558
0.0334151
0.0482424
0.0622754
0.0743278
0.0837547
0.0905062
0.0944984
0.0957296
0.0944189
0.0911126
0.0859346
0.0792023
0.0712557
0.0624534
5.12957e-05
0.00996963
0.035422
0.0636389
0.0857415
0.0979341
0.0996495
0.0919677
0.0769086
0.0572363
0.0363471
0.0179123
0.00516665
7.00571e-05
0.00282463
0.0120539
0.0252117
0.0402113
0.0553043
0.0690539
0.0804379
0.0889838
0.0947294
0.0976509
0.0977993
0.0954459
0.0911884
0.085142
0.0776408
0.0690412
0.0597173
0.000515711
0.0164501
0.0448667
0.072854
0.0928073
0.102078
0.100769
0.0903303
0.0730516
0.0519766
0.0307792
0.0132803
0.00258265
0.000195066
0.00570496
0.0172053
0.0318462
0.0475577
0.0626963
0.0759789
0.0865567
0.0941272
0.0988033
0.100613
0.0996523
0.096241
0.0910253
0.0841099
0.0758463
0.0666082
0.0567874
0.0028781
0.024505
0.0550217
0.0820494
0.0994374
0.105599
0.101206
0.088027
0.0686262
0.0463602
0.0251965
0.00906159
0.00081301
0.00138527
0.0096929
0.0233291
0.0392267
0.0554043
0.070368
0.0830084
0.092654
0.099165
0.102716
0.103377
0.101285
0.0968008
0.0906195
0.0828341
0.0738146
0.0639542
0.0536646
0.0072863
0.0340083
0.0656871
0.0910797
0.105553
0.108459
0.10094
0.0850486
0.0636485
0.0404507
0.0197237
0.00542458
2.48515e-05
0.00375871
0.0148365
0.0304136
0.0473079
0.0636959
0.0782691
0.0901044
0.0987042
0.104082
0.10646
0.10594
0.102693
0.0971212
0.0899658
0.0813084
0.0715399
0.0610757
0.0503502
0.0138081
0.0447773
0.0766598
0.0998163
0.11109
0.110627
0.0999483
0.0813872
0.0581441
0.0343338
0.014514
0.00256017
0.000388658
0.00741863
0.0211615
0.0384287
0.0560348
0.0723751
0.0863527
0.0972344
0.104688
0.108868
0.11003
0.108298
0.103874
0.0971968
0.0890567
0.0795245
0.0690149
0.0579691
0.0468471
0.022418
0.0565873
0.0877454
0.108151
0.115997
0.112071
0.09821
0.0770364
0.0521525
0.0281231
0.00975298
0.000677759
0.00207079
0.0124472
0.0286704
0.0473281
0.0653454
0.0813858
0.0945771
0.104372
0.110592
0.113517
0.113422
0.11045
0.104822
0.0970197
0.0878818
0.0774711
0.0662303
0.0546306
0.0431604
0.032995
0.0691896
0.0987678
0.115998
0.120234
0.112764
0.0956991
0.0719952
0.045734
0.0219676
0.0056601
3.17509e-11
0.00522446
0.0188999
0.0373404
0.0570514
0.0751748
0.090675
0.102907
0.111499
0.116407
0.118025
0.116637
0.11239
0.10553
0.0965784
0.0864273
0.0751347
0.0631762
0.0510577
0.0392995
0.0453315
0.0823302
0.109577
0.123288
0.123763
0.11267
0.092387
0.0662714
0.0389774
0.016058
0.00248749
0.000753432
0.00998014
0.0268009
0.0471268
0.0675296
0.0854594
0.100197
0.111317
0.118602
0.12213
0.122394
0.119671
0.114114
0.105988
0.0958574
0.0846755
0.0724989
0.0598421
0.0472506
0.0352793
0.0591544
0.0957689
0.12005
0.129969
0.12655
0.111752
0.0882442
0.0598904
0.0320122
0.0106328
0.0005148
0.0031565
0.0164362
0.0361418
0.0579653
0.0786885
0.0961401
0.109915
0.119788
0.125677
0.127761
0.126622
0.122523
0.115612
0.106179
0.0948365
0.0826054
0.0695461
0.0562193
0.043215
0.0311242
0.074152
0.109293
0.130095
0.135998
0.128554
0.10996
0.0832439
0.0529028
0.0250158
0.00597906
3.93075e-05
0.00740586
0.0246517
0.0468832
0.0697781
0.0904558
0.107167
0.119802
0.128311
0.132723
0.133304
0.130711
0.125184
0.11687
0.106083
0.0934908
0.0801924
0.0662583
0.0523022
0.0389634
0.0268696
0.0900054
0.122728
0.139641
0.141336
0.129726
0.107241
0.0773689
0.0453983
0.0182262
0.00243216
0.00136133
0.0136624
0.0346425
0.0589581
0.0824808
0.102764
0.118499
0.129842
0.136884
0.139746
0.138761
0.134656
0.127644
0.117868
0.105673
0.0917911
0.0774107
0.0626192
0.0480914
0.0345198
0.0225662
0.106416
0.135936
0.148637
0.145942
0.130008
0.103533
0.0706208
0.0375189
0.0119487
0.00036519
0.00476569
0.0220383
0.0463814
0.0722803
0.0959889
0.115558
0.130111
0.140028
0.145513
0.146752
0.144133
0.138451
0.129887
0.118581
0.104916
0.0897041
0.0742329
0.0586158
0.0435961
0.0299214
0.018283
0.123124
0.14882
0.157041
0.149765
0.129325
0.0987777
0.0630331
0.029474
0.00655912
0.000174589
0.0105008
0.0325893
0.0598019
0.0867516
0.110225
0.128794
0.141989
0.150365
0.154207
0.153748
0.14942
0.142084
0.131888
0.118976
0.103776
0.0871939
0.0706337
0.0542421
0.0388382
0.0252244
0.0141114
0.139925
0.161312
0.164814
0.152741
0.127593
0.0929236
0.0546873
0.0215546
0.00250023
0.00225667
0.0187591
0.0453119
0.0748088
0.102273
0.125125
0.142447
0.15413
0.160863
0.162979
0.160739
0.154615
0.145536
0.133618
0.119013
0.102209
0.0842242
0.066592
0.0495028
0.0338568
0.0205071
0.0101692
0.156667
0.173363
0.17191
0.154793
0.124719
0.0859393
0.045731
0.0141459
0.000268512
0.00697909
0.0296608
0.0601478
0.0912879
0.118752
0.14064
0.156503
0.166545
0.171537
0.17184
0.167727
0.159707
0.148782
0.135041
0.118649
0.100172
0.08076
0.0620941
0.0444169
0.0287126
0.0158757
0.00660364
0.173246
0.184937
0.178273
0.155824
0.120607
0.0778289
0.0363983
0.00773136
0.000389752
0.0146514
0.043247
0.0769928
0.10912
0.136113
0.156741
0.170966
0.17925
0.182408
0.180801
0.17471
0.164677
0.151791
0.136111
0.117833
0.0976176
0.0767706
0.0571376
0.0390227
0.023493
0.0114674
0.00359463
0.189599
0.195999
0.183831
0.155724
0.115166
0.0686494
0.0270304
0.00288824
0.00338453
0.0254973
0.0594793
0.0957149
0.128194
0.154298
0.173419
0.185852
0.192268
0.193492
0.18987
0.18168
0.169502
0.154523
0.136782
0.116514
0.0945013
0.0722332
0.0517365
0.0333837
0.0183179
0.00745608
0.00135679
0.205685
0.206507
0.188495
0.154374
0.108324
0.0585351
0.0180939
0.000269858
0.00972608
0.039636
0.0782524
0.116168
0.148414
0.173274
0.19068
0.201185
0.205626
0.20481
0.199052
0.188624
0.174152
0.156936
0.137
0.114639
0.0907827
0.067137
0.0459256
0.0275941
0.0133449
0.00405493
0.000139978
0.221477
0.216408
0.192162
0.151648
0.10004
0.0477208
0.010188
0.000569654
0.0197972
0.0570768
0.0994122
0.138211
0.169709
0.193029
0.208543
0.216995
0.21935
0.216374
0.208344
0.195525
0.178594
0.158982
0.136711
0.112155
0.0864277
0.0614874
0.0397673
0.0217851
0.00877469
0.00151953
0.000228156
0.236951
0.225635
0.194716
0.147423
0.0903271
0.0365705
0.00404546
0.00447187
0.0338536
0.077727
0.122779
0.161722
0.192034
0.21357
0.22704
0.233316
0.233466
0.228199
0.217745
0.202362
0.182789
0.160612
0.13586
0.109015
0.0814144
0.0553114
0.033357
0.0161317
0.00485554
0.000148356
0.00193599
0.252078
0.234113
0.196033
0.141588
0.0792693
0.0256034
0.000508619
0.0125896
0.0520026
0.101414
0.148169
0.186604
0.215369
0.234918
0.246205
0.250181
0.247998
0.240296
0.227251
0.209115
0.186703
0.161778
0.134395
0.105176
0.0757352
0.048664
0.0268317
0.010859
0.00188696
0.000281521
0.0056028
0.266824
0.241758
0.195986
0.134056
0.0670532
0.0155133
0.000486101
0.0254049
0.0742019
0.127917
0.175419
0.212792
0.239717
0.257106
0.266078
0.267624
0.262971
0.252677
0.236859
0.215766
0.1903
0.162433
0.132266
0.100606
0.0694023
0.0416342
0.0203759
0.00624844
0.000220692
0.00229657
0.0115842
0.281152
0.248482
0.19445
0.124776
0.0539996
0.00717659
0.00488373
0.0432146
0.10028
0.156995
0.20439
0.240246
0.265091
0.28017
0.286699
0.28568
0.278411
0.265356
0.246571
0.222301
0.193552
0.162537
0.129433
0.0952859
0.0624528
0.0343535
0.0142319
0.00264274
0.00026018
0.00660076
0.0202405
0.295025
0.254205
0.191312
0.113751
0.0405962
0.001638
0.0145181
0.0661097
0.12997
0.188417
0.234978
0.268951
0.291518
0.304148
0.308107
0.304385
0.294348
0.278359
0.256399
0.228716
0.196437
0.162055
0.125861
0.0892101
0.0549547
0.0270032
0.00870542
0.000448616
0.00245544
0.0136202
0.0319238
0.308416
0.258853
0.186472
0.10106
0.0275341
6.4807e-05
0.0300275
0.0939756
0.162959
0.221979
0.267107
0.298903
0.319024
0.329076
0.330341
0.32378
0.310823
0.291718
0.26637
0.235022
0.198944
0.160962
0.121528
0.0823949
0.0470138
0.0198245
0.00417418
0.000137299
0.0072947
0.0237857
0.0469647
0.321316
0.262371
0.17985
0.0868814
0.0157382
0.00366597
0.0517956
0.126532
0.198921
0.257513
0.300725
0.330103
0.347631
0.35499
0.353446
0.343914
0.327888
0.305488
0.276525
0.241243
0.201077
0.159243
0.116423
0.0748781
0.0387819
0.013129
0.00109402
0.00224081
0.0152908
0.0375155
0.0656574
0.333741
0.264724
0.171393
0.0715292
0.00637653
0.013578
0.0799168
0.163383
0.237551
0.294879
0.335786
0.362547
0.377357
0.381921
0.377466
0.36485
0.345617
0.319742
0.286933
0.24743
0.202857
0.156897
0.11055
0.0667272
0.0304656
0.00730805
1.99103e-06
0.00734322
0.026964
0.0551979
0.0882491
0.345742
0.265903
0.161087
0.0554924
0.00084651
0.0307323
0.114198
0.204079
0.278572
0.333954
0.372239
0.396218
0.408208
0.4099
0.402461
0.386667
0.364105
0.334585
0.297692
0.253656
0.204326
0.153937
0.103929
0.0580429
0.0223386
0.00284458
0.00151653
0.0160662
0.0428198
0.077172
0.114929
0.357412
0.26593
0.148953
0.0394759
0.00071198
0.0557367
0.154221
0.248166
0.321743
0.37462
0.410021
0.431085
0.440184
0.438961
0.428499
0.409467
0.383479
0.350156
0.308936
0.26003
0.205548
0.150393
0.0965945
0.0489651
0.0147535
0.000322199
0.00633205
0.0290487
0.0633265
0.103715
0.145827
0.3689
0.264862
0.135069
0.0244604
0.00758867
0.0887984
0.199407
0.295211
0.366829
0.416739
0.449041
0.467095
0.473273
0.469141
0.455663
0.433378
0.403901
0.366635
0.320843
0.266703
0.206621
0.14631
0.0886056
0.0396831
0.00815749
0.000433657
0.0152066
0.0469207
0.0888912
0.135029
0.181008
0.380411
0.262796
0.119583
0.0117366
0.0229779
0.129711
0.24911
0.344803
0.413591
0.460142
0.489176
0.504171
0.507454
0.500475
0.484051
0.458555
0.42557
0.384252
0.333647
0.273873
0.207673
0.141754
0.0800355
0.0304442
0.0031112
0.00398486
0.0289419
0.0702727
0.119839
0.171233
0.220475
0.392228
0.259876
0.102724
0.00293904
0.0480753
0.177921
0.302671
0.396545
0.461758
0.504619
0.530265
0.542212
0.542692
0.533002
0.513775
0.485181
0.448732
0.403292
0.347643
0.281798
0.20888
0.136812
0.0709829
0.021569
0.00030899
0.0118939
0.0483552
0.099626
0.156398
0.212365
0.26417
0.404719
0.2563
0.0848279
3.73046e-05
0.0835915
0.232626
0.359435
0.450013
0.511003
0.549904
0.572106
0.581088
0.578934
0.566752
0.544955
0.513465
0.473673
0.424104
0.363206
0.29082
0.210472
0.131592
0.0615681
0.0134703
0.000603218
0.0251814
0.0742425
0.135402
0.19869
0.258378
0.311971
0.418355
0.252334
0.0663776
0.00526591
0.129657
0.292893
0.418756
0.504741
0.560938
0.595677
0.614455
0.620632
0.616101
0.601739
0.577706
0.543634
0.500725
0.44711
0.380804
0.301375
0.212754
0.126234
0.0519381
0.00668004
0.00503153
0.044952
0.10734
0.177901
0.246729
0.309143
0.363685
0.433736
0.248328
0.0480327
0.0209752
0.185817
0.357738
0.479949
0.560184
0.611102
0.641561
0.657015
0.660635
0.654071
0.637944
0.612126
0.575918
0.530258
0.472804
0.401021
0.314032
0.216129
0.120907
0.0422676
0.00188779
0.0148455
0.0723604
0.148275
0.227282
0.300408
0.364434
0.419026
0.451618
0.244743
0.0307078
0.0493982
0.251141
0.426151
0.542264
0.615704
0.660963
0.687116
0.69944
0.70083
0.692667
0.675291
0.648268
0.610531
0.562661
0.501761
0.424573
0.329534
0.221141
0.115825
0.0327678
4.71432e-07
0.0315395
0.108568
0.197538
0.283557
0.359503
0.423912
0.477588
0.472946
0.242201
0.0156513
0.0923555
0.324384
0.497067
0.604839
0.67058
0.709922
0.731852
0.741317
0.740882
0.73163
0.713621
0.686108
0.647633
0.59832
0.53462
0.452336
0.348849
0.228538
0.111261
0.02369
0.00223052
0.056878
0.154691
0.255445
0.346578
0.423645
0.487091
0.538809
0.498889
0.241561
0.00460114
0.150978
0.404095
0.569298
0.666684
0.724002
0.757322
0.77522
0.782174
0.780372
0.7706
0.752655
0.725495
0.687271
0.637559
0.572052
0.485354
0.373255
0.239381
0.107588
0.0153555
0.010233
0.0929016
0.211714
0.322091
0.415987
0.492254
0.553258
0.601897
0.530881
0.244051
4.73569e-06
0.225536
0.488668
0.641485
0.72669
0.775106
0.802467
0.81662
0.821464
0.818784
0.80909
0.791955
0.766097
0.729309
0.680556
0.614699
0.524835
0.40443
0.255205
0.105326
0.00818101
0.0263221
0.141922
0.280446
0.397327
0.491177
0.564477
0.621431
0.665819
0.570594
0.251529
0.0054043
0.315423
0.576236
0.712027
0.783654
0.82299
0.844632
0.855414
0.858572
0.8555
0.846468
0.830888
0.80733
0.773323
0.727215
0.663032
0.572085
0.444555
0.278306
0.105282
0.00276798
0.0538045
0.206468
0.361397
0.480633
0.571128
0.639052
0.69026
0.729233
0.619839
0.266956
0.0260772
0.419217
0.664482
0.779101
0.836322
0.866752
0.883085
0.890929
0.892827
0.889801
0.881944
0.8686
0.848293
0.81847
0.776959
0.717103
0.628307
0.49638
0.312209
0.108823
7.93029e-05
0.0974895
0.289143
0.454612
0.570899
0.654204
0.714168
0.757961
0.790485
0.680185
0.295362
0.0701085
0.534586
0.750416
0.840704
0.883444
0.90552
0.917108
0.922483
0.92351
0.920887
0.914592
0.903991
0.887724
0.863372
0.828488
0.776144
0.694144
0.563103
0.362394
0.118512
0.00187979
0.1644
0.392339
0.559247
0.665985
0.737862
0.78734
0.822306
0.847645
0.752029
0.345725
0.150034
0.657568
0.830271
0.894772
0.923841
0.938483
0.946023
0.949413
0.949896
0.947906
0.943374
0.935773
0.923998
0.906026
0.879506
0.83798
0.768741
0.647636
0.43731
0.139791
0.0119546
0.264593
0.517467
0.672623
0.762059
0.818362
0.855359
0.880665
0.89858
0.832625
0.434454
0.2848
0.780836
0.899593
0.939301
0.956459
0.964925
0.969219
0.971098
0.971284
0.970014
0.96722
0.962537
0.955215
0.943836
0.926569
0.898365
0.848121
0.750284
0.548934
0.185881
0.0400456
0.411358
0.662679
0.788412
0.852863
0.890673
0.91442
0.930182
0.941112
0.912997
0.589271
0.49929
0.891483
0.953654
0.972526
0.980421
0.984259
0.986184
0.987009
0.987062
0.986447
0.985119
0.982896
0.97939
0.97386
0.965272
0.95072
0.923128
0.862915
0.708516
0.293983
0.117577
0.617011
0.81654
0.894298
0.929488
0.948817
0.960492
0.968054
0.973213
0.975743
0.82975
0.799645
0.970811
0.988137
0.993056
0.995071
0.996042
0.996525
0.996731
0.996738
0.996576
0.996231
0.99565
0.994735
0.993273
0.990968
0.986962
0.979008
0.959923
0.89806
0.575048
0.374003
0.863005
0.946588
0.971368
0.981479
0.98677
0.989882
0.991866
0.993204
1
1
1
1
1
1
nan
1
1
1
1
1
1
1
1
1
1
1
1
1
1
1
1
1
1
1
1
1
1
1
1
