0.942629
0.923171
0.920834
0.934239
0.957002
0.980363
0.996134
0.999665
0.991213
0.974829
0.955888
0.939016
0.927205
0.921805
0.922889
0.929633
0.940296
0.953428
0.96739
0.980381
0.990731
0.997323
0.99995
0.998647
0.993827
0.986312
0.977204
0.967282
0.957337
0.948012
0.939793
0.94254
0.923132
0.920855
0.934309
0.957093
0.980441
0.996173
0.999654
0.991159
0.974753
0.955809
0.938953
0.927166
0.921795
0.922907
0.929675
0.940354
0.953496
0.967458
0.98044
0.990774
0.997347
0.999953
0.99863
0.993792
0.986265
0.977149
0.967224
0.95728
0.94796
0.939748
0.942271
0.923016
0.920921
0.934519
0.957364
0.980675
0.996287
0.999618
0.990997
0.974522
0.955574
0.938762
0.92705
0.921766
0.922962
0.929801
0.94053
0.953698
0.967659
0.980616
0.990905
0.997419
0.999963
0.998579
0.993689
0.986124
0.976985
0.967051
0.95711
0.947803
0.939612
0.941826
0.922827
0.921036
0.934872
0.957818
0.981062
0.996475
0.999555
0.990724
0.974137
0.955183
0.938447
0.92686
0.92172
0.923056
0.930012
0.940825
0.954035
0.967995
0.980909
0.99112
0.997537
0.999976
0.998491
0.993516
0.985887
0.97671
0.966761
0.956826
0.947541
0.939386
0.941208
0.92257
0.921204
0.935371
0.958452
0.9816
0.99673
0.999458
0.990336
0.973596
0.954636
0.938009
0.926599
0.921661
0.923192
0.930312
0.941239
0.954507
0.968464
0.981315
0.991417
0.997698
0.999989
0.998364
0.993269
0.985553
0.976323
0.966355
0.956429
0.947177
0.939072
0.940423
0.922255
0.921434
0.936021
0.959268
0.982283
0.997043
0.999319
0.989828
0.972897
0.953936
0.937453
0.926271
0.921594
0.923375
0.930704
0.941775
0.955115
0.969065
0.981834
0.991792
0.997896
0.999999
0.998193
0.992947
0.98512
0.975825
0.965833
0.95592
0.946711
0.938672
0.939477
0.921893
0.921736
0.936827
0.960265
0.983105
0.997406
0.999129
0.989192
0.972038
0.953084
0.936782
0.925884
0.921525
0.92361
0.931192
0.942437
0.955859
0.969796
0.982459
0.99224
0.998127
0.999998
0.997974
0.992544
0.984584
0.975212
0.965194
0.955299
0.946145
0.938188
0.938379
0.921496
0.922123
0.937798
0.961443
0.984057
0.997804
0.998875
0.988422
0.971017
0.952083
0.936004
0.925445
0.921463
0.923906
0.931782
0.943226
0.95674
0.970654
0.983188
0.992755
0.998382
0.99998
0.997699
0.992056
0.983943
0.974484
0.964439
0.954569
0.945482
0.937623
0.937142
0.921082
0.922609
0.93894
0.962798
0.985128
0.998223
0.998543
0.987509
0.969833
0.950938
0.935127
0.924963
0.921418
0.92427
0.932479
0.944146
0.957757
0.971637
0.984013
0.993328
0.998654
0.999937
0.997362
0.991477
0.983193
0.973639
0.963567
0.95373
0.944724
0.936981
0.935779
0.920669
0.923209
0.940261
0.964329
0.986306
0.998645
0.998117
0.986442
0.968482
0.949652
0.934158
0.92445
0.921399
0.924711
0.933291
0.9452
0.95891
0.972741
0.984929
0.99395
0.998931
0.999858
0.996954
0.9908
0.98233
0.972674
0.962579
0.952785
0.943875
0.936267
0.934307
0.920278
0.923941
0.94177
0.966031
0.987575
0.999049
0.99758
0.985213
0.966965
0.948233
0.93311
0.923917
0.92142
0.92524
0.934225
0.946392
0.9602
0.97396
0.985926
0.994612
0.999204
0.999732
0.996466
0.990019
0.981349
0.97159
0.961476
0.951737
0.942939
0.935485
0.932745
0.919932
0.924824
0.943472
0.967897
0.988917
0.999412
0.996912
0.98381
0.965282
0.946687
0.931993
0.923379
0.921493
0.925868
0.935288
0.947725
0.961622
0.975289
0.986995
0.9953
0.999458
0.999549
0.995887
0.989127
0.980247
0.970383
0.960259
0.950588
0.94192
0.934641
0.931116
0.919659
0.925877
0.945376
0.969917
0.99031
0.999711
0.996093
0.982226
0.963434
0.945025
0.930822
0.922851
0.921632
0.926607
0.936487
0.949201
0.963176
0.97672
0.988124
0.996002
0.999681
0.999294
0.995208
0.988116
0.979019
0.969054
0.958929
0.949343
0.940825
0.933743
0.929446
0.919485
0.92712
0.947486
0.972081
0.991729
0.999916
0.995104
0.980452
0.961423
0.943257
0.929613
0.92235
0.921855
0.927467
0.937831
0.950822
0.964857
0.978244
0.989302
0.996703
0.999856
0.998955
0.994418
0.986979
0.977662
0.967601
0.957489
0.948006
0.939659
0.932796
0.927766
0.919441
0.928573
0.949803
0.974371
0.993147
1
0.993924
0.97848
0.959256
0.941397
0.928383
0.921894
0.922175
0.928463
0.939324
0.952589
0.96666
0.97985
0.990512
0.997385
0.999968
0.998517
0.993505
0.985708
0.976172
0.966025
0.955943
0.946582
0.93843
0.931811
0.926108
0.919558
0.930255
0.95233
0.976769
0.994532
0.999929
0.992532
0.976305
0.956938
0.939461
0.927151
0.921502
0.922612
0.929606
0.940975
0.954502
0.968578
0.981526
0.991739
0.998031
0.999999
0.997965
0.992457
0.984297
0.974547
0.964328
0.954294
0.945079
0.937146
0.930795
0.924509
0.919869
0.932182
0.955061
0.97925
0.995849
0.999673
0.99091
0.973924
0.954481
0.937466
0.925939
0.921196
0.923181
0.930907
0.942789
0.956558
0.970603
0.983258
0.992964
0.998621
0.99993
0.997283
0.991265
0.982739
0.972784
0.96251
0.952547
0.943504
0.935815
0.929758
0.923009
0.920407
0.934372
0.957989
0.981785
0.997058
0.999199
0.98904
0.971336
0.951898
0.935433
0.92477
0.920997
0.9239
0.932379
0.944768
0.958754
0.972722
0.985028
0.994167
0.999134
0.999744
0.996456
0.989917
0.981028
0.970883
0.960575
0.950708
0.941864
0.934448
0.928712
0.92165
0.921205
0.936836
0.961102
0.984341
0.998119
0.998472
0.986908
0.968546
0.949204
0.933385
0.923668
0.920927
0.924787
0.934032
0.946915
0.961084
0.974924
0.986817
0.995326
0.999549
0.999419
0.995468
0.988403
0.979161
0.968845
0.958528
0.948786
0.94017
0.933055
0.927667
0.920478
0.922294
0.939584
0.964379
0.986876
0.998986
0.997462
0.984501
0.96556
0.946418
0.931346
0.922659
0.921009
0.925858
0.935874
0.949232
0.963539
0.977191
0.988604
0.996417
0.999842
0.998935
0.994306
0.986713
0.977132
0.96667
0.956373
0.946788
0.938431
0.931648
0.926635
0.919539
0.923706
0.942618
0.967797
0.989347
0.999613
0.996137
0.981812
0.96239
0.943565
0.929346
0.921769
0.921265
0.92713
0.937914
0.951714
0.966108
0.979505
0.990365
0.997414
0.999988
0.998274
0.992953
0.984841
0.974941
0.964362
0.954119
0.944724
0.93666
0.93024
0.92563
0.918881
0.925467
0.945937
0.971323
0.991702
0.999953
0.994469
0.978837
0.959051
0.94067
0.927412
0.921027
0.921718
0.928616
0.940155
0.954358
0.968777
0.981844
0.992074
0.998291
0.999963
0.997415
0.991398
0.982779
0.972588
0.961925
0.951773
0.942606
0.93487
0.928844
0.924664
0.918553
0.9276
0.949531
0.974915
0.993885
0.999957
0.992436
0.97558
0.955565
0.937764
0.925578
0.920461
0.922389
0.930329
0.942601
0.957156
0.971528
0.984183
0.993702
0.999018
0.999743
0.996339
0.989628
0.980522
0.970072
0.959367
0.949346
0.940446
0.933074
0.927473
0.923751
0.918599
0.930125
0.953383
0.978527
0.995835
0.999577
0.990017
0.972048
0.951957
0.93488
0.923876
0.9201
0.9233
0.932281
0.945252
0.960095
0.97434
0.986495
0.995217
0.999565
0.999301
0.995028
0.987632
0.978069
0.967399
0.956696
0.946849
0.938257
0.931286
0.926143
0.922905
0.919066
0.933051
0.957468
0.9821
0.997489
0.998769
0.9872
0.968256
0.948259
0.932053
0.922341
0.919971
0.924468
0.93448
0.948103
0.963161
0.977188
0.988747
0.996588
0.999902
0.998613
0.993466
0.985404
0.975417
0.964575
0.953921
0.944297
0.936055
0.929522
0.924869
0.922141
0.919993
0.936385
0.961748
0.98557
0.998779
0.997491
0.98398
0.964227
0.944506
0.929323
0.921006
0.920101
0.925912
0.936929
0.951146
0.966334
0.980044
0.990907
0.997778
0.999998
0.997657
0.991637
0.982935
0.972569
0.961606
0.951057
0.941703
0.933856
0.927799
0.923666
0.921472
0.921417
0.94012
0.966177
0.988862
0.999636
0.995708
0.980359
0.95999
0.940738
0.92673
0.919908
0.920516
0.927644
0.939631
0.954371
0.969589
0.982874
0.992936
0.998751
0.999821
0.996409
0.989529
0.980225
0.969531
0.958504
0.948116
0.939084
0.931677
0.926133
0.92255
0.920913
0.923365
0.944241
0.970696
0.991896
0.999994
0.993392
0.976349
0.955581
0.937001
0.924317
0.91908
0.92124
0.929675
0.942581
0.957759
0.9729
0.985643
0.994795
0.99947
0.999342
0.994849
0.987133
0.977272
0.966309
0.955281
0.945116
0.936458
0.929535
0.924541
0.921536
0.920477
0.925858
0.948719
0.975233
0.994584
0.999786
0.990525
0.971974
0.951044
0.933342
0.922126
0.918555
0.922292
0.932013
0.945774
0.961291
0.976231
0.988308
0.996441
0.999896
0.998531
0.992959
0.984442
0.974079
0.962913
0.951954
0.942073
0.933844
0.92745
0.923041
0.92064
0.920178
0.928907
0.953516
0.979705
0.996833
0.998955
0.987098
0.967264
0.946429
0.929812
0.920199
0.918364
0.92369
0.93466
0.949196
0.964938
0.979546
0.990826
0.997829
0.99999
0.99736
0.990724
0.981452
0.970653
0.959359
0.94854
0.939008
0.931262
0.925439
0.921648
0.919877
0.920027
0.932511
0.958574
0.984018
0.998549
0.997448
0.983117
0.962263
0.941791
0.926463
0.91858
0.918535
0.925447
0.937614
0.95283
0.96867
0.982801
0.993149
0.998914
0.999716
0.995805
0.988134
0.978166
0.967005
0.955661
0.945058
0.935942
0.92873
0.923522
0.920381
0.919261
0.920037
0.936656
0.963824
0.988063
0.999635
0.995225
0.9786
0.957024
0.937191
0.923349
0.917306
0.919093
0.927573
0.940867
0.956652
0.972447
0.985948
0.995225
0.999648
0.999037
0.993842
0.985181
0.974587
0.963148
0.951839
0.94153
0.932896
0.926272
0.921717
0.919254
0.918804
0.920217
0.941312
0.96918
0.991725
1
0.99226
0.973582
0.951609
0.932692
0.920521
0.916416
0.920058
0.930071
0.944407
0.960632
0.976226
0.988933
0.996999
0.999984
0.997917
0.991456
0.981862
0.970725
0.9591
0.947915
0.93798
0.929893
0.923906
0.920043
0.918284
0.91852
0.920576
0.946435
0.974536
0.994876
0.999557
0.988543
0.96811
0.946086
0.92836
0.91803
0.915942
0.921447
0.93294
0.948214
0.964734
0.979956
0.991699
0.998415
0.999874
0.996327
0.988631
0.978181
0.966594
0.954882
0.943913
0.934431
0.926955
0.921654
0.918516
0.917483
0.918418
0.921123
0.951962
0.979773
0.997385
0.998235
0.984082
0.962247
0.940533
0.924262
0.915925
0.915915
0.92327
0.936174
0.952264
0.968917
0.983582
0.994183
0.999414
0.999272
0.994238
0.985361
0.974144
0.962214
0.950517
0.939858
0.930909
0.924106
0.919534
0.917152
0.916865
0.918508
0.921862
0.957811
0.98475
0.999119
0.995974
0.978908
0.956069
0.935029
0.92046
0.914249
0.916357
0.925533
0.939758
0.956525
0.973129
0.987039
0.996318
0.999936
0.998136
0.991629
0.981643
0.969766
0.957605
0.946033
0.93578
0.92744
0.921368
0.917566
0.915966
0.916441
0.918798
0.9228
0.963879
0.989315
0.999947
0.992737
0.97307
0.949663
0.929658
0.917019
0.913042
0.917287
0.928237
0.943675
0.960956
0.977312
0.990259
0.998033
0.999922
0.996427
0.988485
0.977481
0.965065
0.952796
0.941458
0.931704
0.924047
0.918761
0.915765
0.914971
0.916219
0.919293
0.923938
0.97004
0.993295
0.999747
0.988513
0.966642
0.943125
0.924502
0.913994
0.912337
0.91872
0.931375
0.947898
0.965512
0.981402
0.993163
0.999256
0.999316
0.994111
0.984795
0.972889
0.960066
0.947815
0.936824
0.927661
0.920757
0.916305
0.914148
0.914179
0.916208
0.919999
0.925278
0.976144
0.996512
0.998413
0.983319
0.959713
0.936556
0.91964
0.911439
0.912162
0.920663
0.934935
0.952394
0.970137
0.985323
0.995671
0.99991
0.998061
0.99116
0.98056
0.967883
0.954797
0.942697
0.932163
0.923677
0.91759
0.914018
0.912727
0.913597
0.916413
0.920917
0.926821
0.982012
0.998777
0.995865
0.9772
0.952392
0.930061
0.915148
0.909398
0.91254
0.923117
0.9389
0.957122
0.974765
0.988991
0.997693
0.99992
0.99611
0.987557
0.975786
0.962488
0.949293
0.937474
0.927504
0.919779
0.91457
0.911916
0.911514
0.913235
0.916839
0.922051
0.928567
0.987443
0.999906
0.992053
0.970235
0.944798
0.923742
0.911095
0.90791
0.913485
0.92608
0.943245
0.962033
0.979319
0.992312
0.999135
0.999213
0.993419
0.983291
0.970491
0.956736
0.943589
0.932183
0.922881
0.915991
0.911713
0.910011
0.910517
0.913097
0.917489
0.9234
0.930514
0.992207
0.999725
0.986964
0.96253
0.937059
0.917697
0.90754
0.907007
0.915009
0.929543
0.947938
0.967065
0.983712
0.995184
0.999901
0.997719
0.989958
0.978364
0.964698
0.950664
0.937724
0.926859
0.91832
0.912337
0.909035
0.908315
0.909744
0.913187
0.918364
0.924965
0.932661
0.996055
0.998085
0.980631
0.954214
0.929306
0.912017
0.904537
0.906715
0.917118
0.933493
0.95294
0.972146
0.987842
0.997492
0.999893
0.995377
0.985702
0.972788
0.95844
0.944312
0.931739
0.921536
0.91385
0.908835
0.906551
0.906836
0.909199
0.913509
0.919467
0.926747
0.935006
0.998724
0.994875
0.973129
0.945438
0.921666
0.906784
0.902129
0.907051
0.919813
0.937908
0.9582
0.977188
0.991593
0.999116
0.999014
0.992132
0.980644
0.966585
0.951758
0.937725
0.925672
0.916245
0.909494
0.905502
0.90427
0.905581
0.908887
0.914065
0.920798
0.928744
0.937547
0.999949
0.99003
0.964578
0.936361
0.914259
0.902066
0.900351
0.908032
0.923091
0.942764
0.963653
0.982088
0.994833
0.99993
0.997175
0.987946
0.974788
0.959789
0.944696
0.930946
0.919562
0.911016
0.905271
0.902349
0.902201
0.904554
0.908812
0.914858
0.922359
0.930959
0.940283
0.999484
0.98355
0.955133
0.927146
0.907193
0.897922
0.899231
0.90967
0.926948
0.948023
0.969221
0.98672
0.997417
0.999805
0.994295
0.982795
0.968154
0.952442
0.937304
0.924021
0.913443
0.905873
0.901197
0.899387
0.900348
0.903759
0.908975
0.91589
0.924154
0.933392
0.943213
0.997122
0.975495
0.944978
0.917951
0.900563
0.894401
0.898794
0.911973
0.931374
0.95364
0.974804
0.990938
0.999187
0.998615
0.990307
0.976671
0.960773
0.944596
0.929632
0.916992
0.907346
0.900835
0.897284
0.896623
0.898715
0.903199
0.90938
0.917166
0.926185
0.936046
0.946335
0.992714
0.965992
0.934313
0.90892
0.894447
0.891541
0.89906
0.914951
0.936351
0.959549
0.980276
0.994575
0.999975
0.996241
0.985164
0.969586
0.952692
0.936304
0.921731
0.909896
0.901296
0.895918
0.89354
0.89406
0.897307
0.902879
0.910034
0.918692
0.92846
0.938924
0.94965
0.986192
0.955223
0.92334
0.900184
0.88891
0.889373
0.900052
0.918613
0.941856
0.965666
0.985486
0.99744
0.999611
0.992581
0.978838
0.961571
0.943965
0.927625
0.913647
0.902766
0.895312
0.891132
0.88997
0.891702
0.896126
0.902803
0.910943
0.920475
0.930985
0.942031
0.953153
0.977582
0.943413
0.912255
0.891849
0.884003
0.887929
0.90179
0.922964
0.947847
0.971877
0.990247
0.999322
0.997929
0.987553
0.97133
0.952672
0.934655
0.918614
0.905423
0.895628
0.889408
0.886483
0.886578
0.88955
0.895178
0.90298
0.912118
0.922529
0.93377
0.945369
0.95684
0.967005
0.93081
0.901232
0.884002
0.879766
0.887236
0.904301
0.928005
0.954266
0.978032
0.99434
1
0.994776
0.9811
0.96266
0.942949
0.924825
0.909325
0.897093
0.888501
0.883593
0.881975
0.883363
0.88761
0.89447
0.903422
0.913573
0.924865
0.936824
0.948942
0.960701
0.954668
0.91767
0.890423
0.876712
0.876237
0.88733
0.907613
0.933729
0.961023
0.983942
0.997513
0.999247
0.99002
0.973199
0.952873
0.93247
0.914541
0.899803
0.888683
0.881398
0.87787
0.877606
0.880329
0.885886
0.894012
0.904143
0.915325
0.927501
0.940158
0.952749
0.964721
0.940846
0.904231
0.87995
0.870031
0.87345
0.888248
0.911756
0.94011
0.967988
0.989367
0.999485
0.996844
0.983564
0.963858
0.942035
0.921311
0.90386
0.890085
0.880212
0.874323
0.872239
0.873378
0.877477
0.884388
0.893821
0.905164
0.917395
0.930454
0.943781
0.956785
0.968876
0.925848
0.890707
0.869905
0.864002
0.871446
0.89004
0.916756
0.947097
0.974984
0.994021
0.999961
0.992594
0.975348
0.953117
0.930222
0.909544
0.892833
0.880198
0.871689
0.867277
0.866696
0.869289
0.874816
0.88313
0.893917
0.906509
0.919808
0.933742
0.947698
0.961037
0.97313
0.909995
0.877272
0.860359
0.858664
0.870274
0.892759
0.922631
0.954602
0.981774
0.997568
0.998639
0.986338
0.965357
0.941042
0.917519
0.897236
0.881501
0.870158
0.863116
0.860254
0.861239
0.865344
0.872356
0.882132
0.894327
0.908209
0.922589
0.937381
0.951909
0.96548
0.977434
0.893584
0.864064
0.851363
0.854058
0.869992
0.896467
0.929379
0.962481
0.988051
0.999635
0.995234
0.977962
0.953619
0.92772
0.904011
0.884442
0.869889
0.859972
0.854487
0.853248
0.855867
0.861549
0.870113
0.881419
0.895084
0.910296
0.925767
0.941384
0.956404
0.970079
0.981717
0.876876
0.85118
0.842959
0.850235
0.870675
0.901222
0.936967
0.970526
0.993441
0.999825
0.989499
0.967411
0.940198
0.913248
0.889775
0.871206
0.858011
0.849635
0.845793
0.846252
0.85058
0.857916
0.868112
0.881024
0.896224
0.912806
0.929366
0.945758
0.961162
0.974776
0.985889
0.860075
0.838688
0.835186
0.847259
0.872407
0.907076
0.945313
0.978445
0.9975
0.997743
0.981241
0.954688
0.925191
0.897727
0.874875
0.857553
0.84587
0.839137
0.837021
0.839261
0.845385
0.854464
0.866382
0.880987
0.897791
0.915776
0.933408
0.950497
0.966143
0.979493
0.989831
0.843333
0.826637
0.82809
0.845207
0.875281
0.914061
0.954269
0.985854
0.999731
0.993021
0.970339
0.939852
0.908712
0.881248
0.85936
0.843497
0.833455
0.828463
0.82816
0.832273
0.840293
0.851218
0.864959
0.881351
0.899828
0.91924
0.937906
0.955583
0.971287
0.984124
0.993396
0.826754
0.815063
0.821727
0.844176
0.879393
0.922171
0.963602
0.992269
0.99961
0.985349
0.956753
0.923007
0.89088
0.863887
0.843259
0.829033
0.82075
0.817592
0.819199
0.82529
0.835323
0.848209
0.863889
0.882167
0.902382
0.923229
0.942862
0.960977
0.976507
0.988533
0.996405
0.810401
0.804001
0.816169
0.844276
0.884834
0.931351
0.97297
0.997112
0.996615
0.974503
0.940521
0.904285
0.871806
0.845702
0.826581
0.814148
0.807732
0.806508
0.81013
0.81832
0.830498
0.845477
0.863218
0.883486
0.905499
0.927767
0.948263
0.966616
0.981682
0.992544
0.998643
0.794315
0.793493
0.811505
0.845626
0.891676
0.941465
0.981906
0.99973
0.990274
0.960364
0.921748
0.883832
0.851586
0.826725
0.80932
0.798815
0.794374
0.79519
0.800948
0.811376
0.825848
0.843064
0.863
0.885361
0.909217
0.932863
0.954074
0.972406
0.986655
0.995945
0.99986
0.778523
0.783592
0.807838
0.848352
0.89996
0.952279
0.989812
0.99943
0.980203
0.942923
0.900588
0.861789
0.830291
0.806971
0.791457
0.783005
0.78065
0.783626
0.791656
0.804475
0.821406
0.841018
0.863289
0.887845
0.913572
0.938513
0.960233
0.978215
0.991225
0.99848
0.999772
0.763049
0.774365
0.805284
0.852577
0.909673
0.96343
0.995955
0.995528
0.966146
0.922273
0.877221
0.838278
0.807966
0.78643
0.77296
0.766684
0.766534
0.771801
0.782255
0.797638
0.817211
0.839388
0.86414
0.890985
0.918586
0.944689
0.966643
0.983868
0.995144
0.999852
0.998064
0.747922
0.765887
0.803967
0.858412
0.920731
0.974397
0.999491
0.98741
0.947997
0.898586
0.851831
0.813396
0.784631
0.765082
0.753795
0.74982
0.752002
0.759704
0.772749
0.790885
0.813297
0.838222
0.865605
0.894824
0.924265
0.951336
0.973168
0.989141
0.998113
0.999718
0.994397
0.733176
0.758242
0.804014
0.865944
0.932947
0.984487
0.999514
0.974595
0.925798
0.872083
0.824581
0.787208
0.760283
0.742894
0.733922
0.732376
0.737029
0.747323
0.763141
0.784234
0.8097
0.837567
0.867734
0.899393
0.930598
0.958366
0.979624
0.993752
0.999779
0.997703
0.988416
0.718848
0.751518
0.80555
0.875224
0.946
0.992823
0.995116
0.956785
0.89972
0.843005
0.79561
0.759754
0.734909
0.71983
0.713301
0.71432
0.721589
0.734644
0.753429
0.777699
0.806448
0.837463
0.870567
0.904714
0.937547
0.965647
0.985768
0.997357
0.99974
0.993399
0.97976
0.704975
0.745795
0.808688
0.886249
0.959404
0.998362
0.985482
0.93389
0.87003
0.811583
0.765022
0.731049
0.708482
0.695852
0.691893
0.695615
0.705652
0.721641
0.743601
0.771284
0.803563
0.837945
0.874139
0.91079
0.945045
0.972997
0.991295
0.999551
0.997545
0.98638
0.968076
0.691584
0.741147
0.813528
0.89894
0.972466
0.999935
0.969972
0.906024
0.837041
0.778021
0.732893
0.701097
0.680976
0.670924
0.669659
0.67622
0.689177
0.708282
0.73363
0.764978
0.801056
0.839038
0.878472
0.917605
0.952986
0.980175
0.995826
0.999863
0.992705
0.976214
0.953035
0.678684
0.737629
0.82015
0.913119
0.984262
0.996334
0.948204
0.873468
0.801079
0.742487
0.699275
0.669897
0.652369
0.64501
0.646554
0.656086
0.672112
0.694512
0.723475
0.758757
0.798923
0.840757
0.883577
0.925122
0.961218
0.986871
0.998906
0.997759
0.984709
0.962484
0.934343
0.666259
0.735276
0.828607
0.928471
0.993623
0.986422
0.920083
0.836617
0.762449
0.705121
0.664214
0.637453
0.622643
0.618079
0.622534
0.63515
0.654383
0.680258
0.713067
0.75257
0.797143
0.843103
0.88945
0.933273
0.969534
0.992692
0.999998
0.992657
0.973036
0.944802
0.911751
0.654258
0.734097
0.838913
0.944508
0.999153
0.969268
0.885802
0.795921
0.721428
0.666046
0.627761
0.603782
0.591792
0.5901
0.597539
0.613333
0.635895
0.665415
0.702308
0.746344
0.795674
0.846063
0.896071
0.941957
0.977661
0.997155
0.998483
0.983934
0.95718
0.922828
0.885071
0.642588
0.73407
0.851047
0.960524
0.999288
0.944263
0.845779
0.751834
0.678257
0.62538
0.589979
0.568915
0.559816
0.561039
0.571501
0.590533
0.616521
0.649844
0.691064
0.73997
0.794452
0.849607
0.903405
0.951035
0.985247
0.999678
0.993668
0.970951
0.936673
0.896285
0.854173
0.6311
0.735138
0.864931
0.97554
0.992411
0.911202
0.800593
0.704789
0.633171
0.583261
0.550959
0.532905
0.526727
0.530859
0.544337
0.566622
0.596099
0.633365
0.679157
0.733297
0.793379
0.85369
0.911394
0.960317
0.991843
0.999566
0.984793
0.953079
0.911109
0.864971
0.818992
0.619589
0.737204
0.880417
0.988263
0.977022
0.870289
0.75089
0.655197
0.586409
0.539858
0.510824
0.495829
0.492546
0.499525
0.515949
0.541445
0.57443
0.615748
0.666353
0.726127
0.792327
0.858246
0.919964
0.969556
0.996889
0.996015
0.971058
0.929727
0.880161
0.828767
0.779525
0.607772
0.740124
0.897276
0.997061
0.951925
0.822079
0.697329
0.603455
0.538242
0.495381
0.469735
0.457788
0.457308
0.466998
0.486225
0.514819
0.551268
0.596708
0.652357
0.718202
0.79112
0.863188
0.929017
0.978431
0.999691
0.988106
0.951645
0.900374
0.843602
0.787635
0.73583
0.595281
0.7437
0.915172
0.999963
0.916408
0.767374
0.640565
0.549987
0.488997
0.450096
0.427894
0.418912
0.421066
0.433248
0.455045
0.486535
0.526327
0.575896
0.636794
0.70918
0.789528
0.868408
0.938432
0.98653
0.999397
0.974819
0.925758
0.864598
0.80131
0.741622
0.688029
0.581645
0.747666
0.933622
0.994734
0.870343
0.707107
0.581244
0.495259
0.439062
0.404323
0.385545
0.379368
0.383899
0.398261
0.422294
0.456366
0.499275
0.55289
0.619196
0.698625
0.787246
0.873766
0.948062
0.99332
0.994968
0.955048
0.89266
0.822099
0.753271
0.690857
0.636315
0.566264
0.751672
0.951967
0.979025
0.814183
0.642262
0.520051
0.439816
0.388898
0.358439
0.342985
0.339365
0.345929
0.362056
0.387874
0.424082
0.469742
0.527196
0.598979
0.685968
0.783871
0.879093
0.957732
0.998112
0.985155
0.92764
0.851725
0.772718
0.699592
0.635566
0.580974
0.548382
0.755257
0.969292
0.950602
0.748859
0.573849
0.457736
0.384296
0.339037
0.312884
0.30056
0.29917
0.307333
0.324709
0.351732
0.389469
0.437339
0.498239
0.575427
0.670466
0.778859
0.884175
0.967232
1
0.96846
0.891432
0.802462
0.716443
0.640497
0.576088
0.522412
0.527054
0.757799
0.984349
0.907645
0.675616
0.502933
0.395161
0.32942
0.290078
0.268148
0.258683
0.259118
0.26837
0.286379
0.313892
0.352367
0.40168
0.46538
0.547664
0.651151
0.771462
0.888739
0.97631
0.997769
0.943122
0.845309
0.744555
0.653422
0.576355
0.512909
0.461191
0.501111
0.758439
0.995399
0.849022
0.595905
0.430702
0.333316
0.275998
0.242678
0.22478
0.217826
0.219628
0.2294
0.247345
0.274505
0.312729
0.362441
0.427948
0.514646
0.626745
0.760619
0.892412
0.984644
0.989767
0.907098
0.788286
0.677909
0.584013
0.507746
0.446742
0.398103
0.469119
0.755949
0.999995
0.774464
0.511332
0.358515
0.27331
0.224894
0.197533
0.18338
0.178536
0.181216
0.19091
0.208045
0.233903
0.270691
0.319444
0.385301
0.475165
0.59557
0.744795
0.894674
0.991819
0.973678
0.858078
0.719554
0.602673
0.508823
0.435523
0.378569
0.334181
0.429406
0.748471
0.994596
0.684577
0.423764
0.287973
0.216346
0.17701
0.155368
0.144586
0.141428
0.1445
0.153532
0.169112
0.19267
0.226677
0.272785
0.336968
0.427915
0.555445
0.721694
0.894718
0.997232
0.946196
0.793532
0.638603
0.519367
0.428872
0.360948
0.30974
0.270767
0.380161
0.733044
0.973923
0.580783
0.335518
0.220899
0.163678
0.133248
0.116915
0.109071
0.107173
0.110199
0.118056
0.1314
0.151707
0.18153
0.223041
0.282897
0.371693
0.50362
0.687791
0.891177
0.999921
0.902511
0.710857
0.545388
0.429101
0.345796
0.285832
0.242039
0.209515
0.319815
0.704638
0.929891
0.465414
0.249584
0.159296
0.116556
0.09448
0.0828915
0.0775169
0.07649
0.0791128
0.0854076
0.0960094
0.112276
0.136628
0.171512
0.223856
0.305856
0.436897
0.637606
0.881488
0.99812
0.8356
0.607661
0.440753
0.334015
0.262138
0.21266
0.177694
0.152355
0.247971
0.654275
0.849966
0.342432
0.169729
0.105228
0.0761591
0.0615174
0.0539768
0.0505872
0.0501044
0.0520936
0.0566262
0.0642267
0.0760018
0.0939743
0.120494
0.16202
0.231259
0.352364
0.56269
0.860209
0.988045
0.735407
0.482533
0.327377
0.237941
0.181638
0.144641
0.119335
0.10142
0.167375
0.565546
0.7152
0.219164
0.100407
0.0606986
0.0435413
0.0350753
0.0307808
0.0289017
0.0287158
0.0299855
0.0327802
0.0374628
0.0447849
0.056164
0.0734313
0.101635
0.151879
0.249716
0.451066
0.814119
0.959954
0.588642
0.337321
0.211588
0.147137
0.109327
0.0855805
0.0698183
0.0588883
0.0870035
0.410729
0.50071
0.108517
0.0463459
0.0274743
0.019579
0.015741
0.0138164
0.0129911
0.0129377
0.0135534
0.014881
0.0171044
0.0206096
0.0261402
0.0347278
0.04928
0.0768723
0.137085
0.291484
0.706017
0.882423
0.382989
0.18346
0.105702
0.0705122
0.051183
0.0395075
0.0319456
0.0267869
0.0242569
0.17025
0.200355
0.0291887
0.011863
0.0069443
0.00492877
0.00395817
0.00347543
0.00326937
0.00326204
0.00342417
0.00376898
0.00434965
0.00526547
0.00672662
0.00903165
0.0130384
0.0209916
0.0400769
0.10194
0.424952
0.625997
0.136995
0.0534117
0.0286323
0.0185214
0.0132297
0.0101177
0.00813437
0.00679553
0
0
-1.19209e-07
0
0
0
nan
0
0
0
0
0
-1.19209e-07
2.38419e-07
0
0
0
-1.19209e-07
5.96046e-08
0
-1.19209e-07
-1.19209e-07
0
-2.38419e-07
0
0
0
0
-2.38419e-07
0
0
