0.0798721
0.118158
0.141642
0.147761
0.137806
0.115207
0.0848604
0.0526777
0.0247944
0.006304
9.87519e-17
0.0058276
0.0213643
0.0429674
0.0669307
0.0902137
0.110691
0.127093
0.138811
0.145703
0.147929
0.145846
0.139936
0.130766
0.118968
0.105215
0.0902138
0.0746783
0.0593106
0.044771
0.0316488
0.0799892
0.118246
0.141684
0.147754
0.137755
0.115124
0.0847599
0.052579
0.0247168
0.00626217
7.06639e-08
0.00586644
0.0214319
0.0430512
0.0670187
0.0902962
0.110762
0.127147
0.138848
0.145721
0.147929
0.145829
0.139904
0.130721
0.118912
0.105151
0.090145
0.0746076
0.0592413
0.044706
0.0315908
0.0803406
0.11851
0.141809
0.147732
0.137602
0.114873
0.084458
0.0522834
0.0244848
0.00613757
1.12984e-06
0.00598364
0.0216355
0.0433029
0.0672824
0.0905435
0.110973
0.12731
0.138957
0.145774
0.147928
0.145778
0.139807
0.130585
0.118744
0.10496
0.0899387
0.0743959
0.0590335
0.0445112
0.0314171
0.0809253
0.118947
0.142015
0.147694
0.137346
0.114454
0.0839547
0.0517916
0.0241003
0.00593265
5.71648e-06
0.00618128
0.0219762
0.0437231
0.0677218
0.0909548
0.111323
0.127581
0.139137
0.145862
0.147926
0.145692
0.139645
0.130358
0.118464
0.104641
0.0895949
0.0740432
0.0586876
0.0441873
0.0311286
0.0817423
0.119555
0.142299
0.147635
0.136983
0.113864
0.0832496
0.0511054
0.0235664
0.00565156
1.805e-05
0.00646288
0.0224563
0.0443126
0.0683369
0.0915294
0.111812
0.127956
0.139387
0.145983
0.147921
0.145569
0.139416
0.130038
0.11807
0.104193
0.0891134
0.07355
0.0582045
0.0437352
0.0307267
0.0827894
0.120327
0.142653
0.147549
0.136508
0.113101
0.0823424
0.0502265
0.0228874
0.00530005
4.40109e-05
0.0068333
0.023079
0.0450728
0.0691271
0.0922654
0.112437
0.128435
0.139703
0.146132
0.147909
0.145406
0.139118
0.129624
0.117562
0.103615
0.0884939
0.0729164
0.0575849
0.0431565
0.0302133
0.0840641
0.121259
0.143071
0.147431
0.135916
0.112162
0.0812329
0.0491584
0.0220695
0.00488568
9.11136e-05
0.00729852
0.0238481
0.0460052
0.0700922
0.0931612
0.113194
0.129013
0.140082
0.146308
0.147887
0.145201
0.138749
0.129114
0.116938
0.102908
0.0877366
0.0721432
0.0568303
0.0424533
0.0295909
0.085563
0.122342
0.143544
0.147271
0.135201
0.111043
0.0799207
0.0479047
0.0211196
0.00441762
0.000168479
0.00786597
0.0247683
0.0471116
0.0712313
0.0942142
0.11408
0.129685
0.140519
0.146505
0.147852
0.14495
0.138305
0.128504
0.116196
0.10207
0.0868412
0.0712311
0.0559422
0.0416279
0.0288627
0.0872816
0.123568
0.144061
0.147059
0.134355
0.109739
0.0784062
0.0464702
0.0200465
0.00390675
0.000286763
0.00854416
0.0258448
0.0483938
0.0725437
0.0954214
0.115092
0.130448
0.141009
0.146718
0.147798
0.144648
0.137782
0.127793
0.115335
0.1011
0.0858077
0.0701814
0.0549229
0.0406833
0.0280326
0.0892142
0.124925
0.144611
0.146785
0.13337
0.108247
0.0766897
0.0448608
0.0188608
0.00336565
0.000458114
0.00934236
0.0270832
0.0498536
0.0740275
0.0967791
0.116223
0.131296
0.141546
0.146942
0.147721
0.144291
0.137177
0.126977
0.114351
0.0999968
0.0846365
0.0689953
0.0537748
0.0396232
0.0271049
0.0913538
0.126401
0.145178
0.146436
0.132236
0.106561
0.0747725
0.0430837
0.0175744
0.00280864
0.000696088
0.010271
0.0284892
0.0514927
0.0756815
0.098283
0.117468
0.13222
0.142124
0.14717
0.147612
0.143873
0.136484
0.126053
0.113244
0.0987597
0.0833277
0.0676744
0.0525008
0.0384516
0.0260847
0.0936921
0.127982
0.14575
0.145999
0.130942
0.104677
0.0726561
0.0411473
0.0162009
0.00225173
0.00101554
0.0113412
0.0300695
0.0533126
0.0775031
0.0999284
0.118821
0.133216
0.142734
0.147394
0.147467
0.143389
0.1357
0.125017
0.112009
0.0973876
0.0818819
0.0662208
0.0511044
0.0371733
0.0249779
0.0962189
0.129652
0.146307
0.145459
0.12948
0.10259
0.0703433
0.0390618
0.0147559
0.00171261
0.00143253
0.0125648
0.0318301
0.0553144
0.0794893
0.101709
0.120274
0.134273
0.143369
0.147607
0.147278
0.142832
0.134819
0.123864
0.110646
0.0958798
0.0803
0.064637
0.0495896
0.0357936
0.023791
0.098922
0.131393
0.146834
0.1448
0.127838
0.100296
0.0678385
0.0368388
0.0132569
0.00121054
0.0019642
0.0139536
0.0337772
0.0574986
0.0816365
0.103619
0.121818
0.135383
0.144018
0.147799
0.147037
0.142195
0.133835
0.122592
0.109152
0.0942359
0.0785833
0.0629261
0.0479612
0.0343186
0.0225311
0.101788
0.133187
0.147309
0.144007
0.126005
0.097792
0.0651465
0.0344918
0.011723
0.000766351
0.00262852
0.0155202
0.0359165
0.0598653
0.0839402
0.10565
0.123446
0.136537
0.144674
0.147963
0.146736
0.141471
0.132743
0.121196
0.107524
0.0924553
0.0767334
0.0610914
0.0462243
0.0327552
0.0212064
0.104799
0.135012
0.147714
0.143063
0.12397
0.0950754
0.0622741
0.0320365
0.0101758
0.000402363
0.00344429
0.0172769
0.0382533
0.0624136
0.0863948
0.107795
0.125146
0.137724
0.145325
0.148088
0.146366
0.140654
0.131538
0.119673
0.105761
0.0905386
0.0747524
0.0591373
0.0443849
0.0311109
0.0198255
0.107938
0.136845
0.148025
0.141949
0.121724
0.0921449
0.0592307
0.029491
0.00863853
0.000142267
0.00443063
0.0192357
0.0407919
0.0651413
0.088994
0.110043
0.126908
0.138933
0.145961
0.148164
0.145919
0.139736
0.130214
0.118019
0.103862
0.0884862
0.0726434
0.0570687
0.0424498
0.0293939
0.0183982
0.111184
0.138662
0.148222
0.14065
0.119257
0.0890006
0.0560264
0.0268751
0.00713644
1.08552e-05
0.00560715
0.0214083
0.0435365
0.0680461
0.0917304
0.112385
0.128721
0.140152
0.146571
0.148182
0.145386
0.138709
0.128765
0.11623
0.101825
0.0862993
0.0704096
0.054891
0.0404265
0.0276137
0.0169347
0.114514
0.140438
0.14828
0.139148
0.11656
0.0856441
0.0526749
0.0242116
0.00569688
3.39917e-05
0.00699331
0.0238054
0.046489
0.0711232
0.0945952
0.114809
0.130572
0.141368
0.147142
0.14813
0.144757
0.137567
0.127187
0.114304
0.0996494
0.0839797
0.0680553
0.0526107
0.0383235
0.0257799
0.0154461
0.117901
0.142146
0.148178
0.137427
0.113625
0.0820799
0.0491918
0.0215255
0.00434874
0.000238294
0.00860829
0.0264372
0.0496511
0.0743678
0.0975789
0.117304
0.132449
0.14257
0.147662
0.147998
0.144025
0.136303
0.125475
0.112239
0.0973359
0.0815302
0.0655854
0.050235
0.0361499
0.0239036
0.0139447
0.121318
0.143757
0.147889
0.135469
0.110447
0.0783137
0.0455953
0.0188445
0.00312299
0.000650917
0.0104709
0.0293119
0.053022
0.0777724
0.10067
0.119856
0.134336
0.143743
0.14812
0.147775
0.143179
0.13491
0.123624
0.110032
0.0948846
0.0789537
0.0630057
0.0477721
0.0339158
0.0219964
0.0124429
0.124735
0.145243
0.147393
0.13326
0.107021
0.0743546
0.0419072
0.0161987
0.00205195
0.00129928
0.0125987
0.0324369
0.0566
0.081329
0.103856
0.122451
0.136221
0.144874
0.148503
0.147451
0.142211
0.133381
0.12163
0.107682
0.0922975
0.0762547
0.0603231
0.0452311
0.0316323
0.0200709
0.0109544
0.128119
0.146574
0.146664
0.130787
0.103346
0.0702143
0.0381518
0.013621
0.0011694
0.00221058
0.0150084
0.0358173
0.0603811
0.0850274
0.107125
0.125074
0.138089
0.145948
0.148799
0.147015
0.141114
0.131711
0.119491
0.105189
0.0895768
0.0734383
0.057545
0.0426217
0.0293113
0.0181404
0.00949344
0.131438
0.147719
0.145682
0.128038
0.0994226
0.0659078
0.0343569
0.0111468
0.000510104
0.00341175
0.0177149
0.0394563
0.0643595
0.0888559
0.110461
0.12771
0.139923
0.146953
0.148995
0.146457
0.13988
0.129896
0.117204
0.102554
0.0867259
0.0705103
0.0546803
0.0399551
0.0269655
0.0162191
0.00807511
0.134654
0.14865
0.144425
0.125001
0.0952542
0.061453
0.0305535
0.00881378
0.000109764
0.00492875
0.0207309
0.043355
0.0685272
0.0928012
0.113848
0.130342
0.141709
0.147874
0.14908
0.145768
0.138501
0.12793
0.114769
0.0997779
0.0837489
0.067478
0.0517383
0.0372429
0.0246087
0.014322
0.00671504
0.137734
0.149337
0.142873
0.121671
0.0908474
0.0568721
0.0267761
0.00666196
4.47721e-06
0.0067862
0.0240673
0.0475114
0.0728741
0.0968486
0.11727
0.132954
0.143431
0.148697
0.149042
0.144938
0.136972
0.125811
0.112183
0.0968632
0.0806513
0.0643494
0.0487299
0.0344982
0.0222556
0.0124651
0.00542972
0.140639
0.149752
0.141009
0.118042
0.0862126
0.0521906
0.0230624
0.00473335
0.000230353
0.00900706
0.0277322
0.0519217
0.077388
0.100982
0.120709
0.135529
0.145073
0.149409
0.148871
0.143961
0.135287
0.123535
0.109449
0.0938135
0.0774395
0.0611335
0.0456666
0.0317347
0.0199216
0.0106649
0.00423623
0.143332
0.149868
0.138817
0.114111
0.0813634
0.0474378
0.0194536
0.00307167
0.000823112
0.0116121
0.0317303
0.0565784
0.0820544
0.105182
0.124147
0.138049
0.146621
0.149997
0.148556
0.142828
0.133443
0.121103
0.106567
0.0906333
0.0741207
0.0578405
0.0425609
0.0289671
0.017623
0.00893873
0.00315228
0.145778
0.149659
0.136286
0.109882
0.0763175
0.0426476
0.0159942
0.00172216
0.0018175
0.0146193
0.0360636
0.0614717
0.0868566
0.109432
0.127565
0.140496
0.148059
0.150449
0.148088
0.141533
0.131436
0.118514
0.103541
0.0873286
0.0707038
0.0544816
0.0394265
0.026211
0.0153772
0.00730491
0.00219622
0.147941
0.149103
0.133404
0.105359
0.0710966
0.0378576
0.0127321
0.000731132
0.00324674
0.0180434
0.04073
0.0665884
0.0917763
0.113711
0.130943
0.142856
0.149373
0.150755
0.14746
0.140073
0.129264
0.115769
0.100375
0.0839062
0.0671983
0.051069
0.036278
0.0234831
0.0132022
0.00578237
0.00138708
0.149788
0.14818
0.130165
0.10055
0.0657265
0.0331093
0.00971788
0.000145386
0.00514203
0.0218958
0.045724
0.0719127
0.0967928
0.117997
0.134263
0.145109
0.150551
0.150904
0.146666
0.138444
0.126928
0.112871
0.0970742
0.0803737
0.0636143
0.0476156
0.0331306
0.0208007
0.0111169
0.00439071
0.000744444
0.151287
0.146872
0.126568
0.0954693
0.0602373
0.0284494
0.00700522
1.17664e-05
0.00753161
0.0261831
0.0510359
0.0774256
0.101884
0.12227
0.137506
0.147242
0.15158
0.150889
0.145699
0.136643
0.124428
0.109823
0.0936444
0.0767402
0.0599636
0.0441354
0.0300007
0.0181823
0.00914126
0.00315049
0.000288575
0.15241
0.145167
0.122612
0.090133
0.054664
0.0239284
0.00465029
0.0003765
0.0104403
0.0309077
0.0566523
0.0831059
0.107027
0.126508
0.140654
0.149241
0.152451
0.150702
0.144558
0.134671
0.121767
0.106631
0.0900937
0.0730157
0.0562586
0.0406434
0.0269059
0.0156473
0.007296
0.00208308
4.0357e-05
0.153132
0.143053
0.118303
0.0845615
0.0490453
0.0196009
0.00271148
0.00128441
0.0138888
0.0360672
0.0625555
0.0889296
0.112198
0.130689
0.143688
0.151091
0.153153
0.150339
0.143239
0.132528
0.118948
0.1033
0.0864296
0.0692106
0.0525121
0.0371552
0.0238641
0.013216
0.00560289
0.00121064
2.1343e-05
0.153431
0.140526
0.113648
0.0787804
0.0434257
0.0155266
0.00124916
0.00277807
0.0178925
0.0416536
0.0687244
0.0948708
0.117372
0.134793
0.146594
0.152782
0.153681
0.149796
0.141744
0.130218
0.115977
0.0998378
0.0826618
0.0653362
0.0487381
0.0336874
0.0208946
0.0109098
0.00408484
0.000556357
0.000253778
0.153293
0.137584
0.10866
0.0728183
0.0378541
0.0117695
0.000324735
0.00489685
0.0224616
0.0476538
0.0751337
0.100902
0.122524
0.138801
0.149357
0.154305
0.154029
0.149072
0.140074
0.127745
0.11286
0.0962519
0.0787999
0.0614048
0.0449514
0.0302576
0.0180179
0.00875155
0.0027659
0.000144403
0.000760606
0.152703
0.134228
0.103355
0.0667087
0.032385
0.00839802
1.41791e-08
0.00767581
0.0275993
0.0540493
0.0817556
0.106996
0.12763
0.142694
0.151966
0.155652
0.154196
0.148169
0.138233
0.125114
0.109603
0.0925512
0.0748544
0.0574287
0.0411673
0.0268843
0.0152557
0.00676524
0.00167145
6.31302e-09
0.00156548
0.151656
0.130465
0.0977505
0.0604889
0.0270789
0.00548529
0.00033628
0.0111445
0.0333027
0.0608162
0.0885592
0.113122
0.132668
0.146455
0.154409
0.156821
0.15418
0.147089
0.136225
0.122332
0.106215
0.0887443
0.0708355
0.0534209
0.0374017
0.0235871
0.0126307
0.00497648
0.000828304
0.00014954
0.00269272
0.150149
0.126303
0.0918697
0.0542019
0.0220025
0.00310839
0.00139295
0.0153259
0.0395609
0.0679257
0.0955118
0.119253
0.137616
0.150073
0.156681
0.157808
0.153986
0.145838
0.134059
0.119406
0.102703
0.0848406
0.0667544
0.049395
0.0336719
0.0203871
0.010168
0.00341272
0.000264875
0.000620566
0.00416736
0.148183
0.121755
0.085737
0.0478953
0.0172298
0.00134795
0.0032262
0.0202353
0.0463565
0.0753448
0.10258
0.125362
0.142456
0.153536
0.158778
0.158616
0.153617
0.144423
0.131741
0.116345
0.0990773
0.0808494
0.062622
0.0453649
0.0299957
0.0173069
0.00789399
0.00210328
1.12824e-05
0.00144188
0.00601505
0.145765
0.116834
0.0793808
0.0416236
0.0128422
0.00028759
0.00588712
0.0258792
0.053664
0.0830368
0.109729
0.131422
0.147172
0.156837
0.160699
0.15925
0.153081
0.142852
0.129282
0.113158
0.0953448
0.0767796
0.0584494
0.0413454
0.0263929
0.014371
0.00583784
0.00107982
9.95066e-05
0.00264341
0.00826189
0.142904
0.111557
0.0728319
0.0354484
0.00892926
1.22332e-05
0.00942005
0.0322541
0.0614514
0.0909627
0.116926
0.137412
0.151751
0.159973
0.162449
0.159716
0.152387
0.141135
0.126689
0.109853
0.091514
0.0726398
0.0542476
0.0373518
0.0228844
0.0116064
0.00403109
0.00037644
0.000563429
0.00425632
0.0109343
0.139611
0.105939
0.0661258
0.0294403
0.00558919
0.000606474
0.0138602
0.0393467
0.0696804
0.0990816
0.12414
0.143312
0.156188
0.162944
0.164033
0.160024
0.151548
0.139284
0.123973
0.106437
0.0875918
0.0684381
0.0500281
0.0334011
0.0194937
0.00904308
0.00250843
2.99477e-05
0.00143887
0.00631273
0.0140591
0.135899
0.0999979
0.0593027
0.0236805
0.00292801
0.00215224
0.0192322
0.0471332
0.0783075
0.107353
0.131342
0.149107
0.160477
0.165757
0.165463
0.160189
0.150576
0.13731
0.121142
0.102918
0.0835845
0.0641823
0.0458028
0.0295116
0.0162468
0.0067141
0.00130799
7.99609e-05
0.00276352
0.00884558
0.0176626
0.13178
0.093751
0.0524092
0.0182624
0.00105904
0.00472594
0.0255479
0.0555801
0.087286
0.115737
0.138507
0.154789
0.164621
0.168422
0.166752
0.160225
0.149486
0.135224
0.118206
0.0993019
0.079497
0.0598795
0.0415842
0.0257039
0.0131732
0.0046566
0.000471553
0.000569055
0.00457687
0.0118885
0.0217713
0.127264
0.0872168
0.045501
0.0132933
0.000101334
0.0083952
0.0328056
0.0646443
0.0965668
0.124199
0.145618
0.160352
0.168628
0.170951
0.167918
0.16015
0.148291
0.133037
0.11517
0.0955916
0.0753331
0.0555369
0.0373868
0.0220018
0.0103067
0.00291244
4.50473e-05
0.0015427
0.0069199
0.0154752
0.0264107
0.122361
0.080415
0.0386457
0.00889602
0.000176753
0.0132156
0.0409884
0.0742756
0.106101
0.132704
0.15266
0.165801
0.172511
0.173365
0.168981
0.159982
0.147008
0.13076
0.112041
0.0917898
0.0710955
0.0511621
0.0332267
0.0184329
0.0076859
0.00152827
7.85794e-05
0.00304918
0.00983478
0.0196396
0.0316057
0.117076
0.0733689
0.0319254
0.00520859
0.00140637
0.0192271
0.0500653
0.0844182
0.115841
0.141229
0.159629
0.171143
0.176288
0.175686
0.169964
0.15974
0.145649
0.128399
0.108819
0.0878961
0.0667858
0.0467635
0.0291233
0.0150295
0.00535512
0.000556447
0.000626573
0.00513928
0.0133645
0.0244146
0.0373794
0.111411
0.0661076
0.0254409
0.00238456
0.00390564
0.0264514
0.0599914
0.0950129
0.125746
0.149754
0.166525
0.176396
0.179982
0.177939
0.170892
0.159444
0.144228
0.12596
0.105504
0.0839087
0.0624052
0.0423511
0.0251001
0.0118301
0.00336543
5.51732e-05
0.00174758
0.00786578
0.0175522
0.0298325
0.0437539
0.105364
0.0586695
0.0193151
0.000590425
0.00777903
0.0348895
0.0707102
0.106001
0.135778
0.15827
0.173361
0.181583
0.183625
0.180155
0.171789
0.159112
0.142754
0.123445
0.102095
0.0798233
0.057955
0.0379378
0.0211861
0.00887998
0.00177504
8.86797e-05
0.0035041
0.0112831
0.0224407
0.0359238
0.0507493
0.0989312
0.051107
0.013696
1.99151e-06
0.0131141
0.0445216
0.0821563
0.117325
0.14591
0.166776
0.180155
0.186733
0.187247
0.182365
0.17268
0.158762
0.141234
0.120853
0.0985834
0.0756344
0.0534374
0.0335407
0.0174166
0.00623276
0.000650154
0.000727274
0.0059619
0.0154463
0.0280715
0.0427173
0.0583841
0.0921094
0.0434917
0.00875888
0.000798412
0.0199759
0.0553065
0.0942585
0.128936
0.156126
0.175283
0.186935
0.191882
0.190888
0.184602
0.173592
0.158407
0.139673
0.118179
0.0949612
0.0713356
0.048857
0.0291818
0.0138354
0.00395128
6.52553e-05
0.002047
0.00918939
0.0204103
0.0344847
0.0502397
0.0666747
0.0848978
0.0359195
0.00470683
0.00315468
0.0284019
0.0671847
0.106945
0.140792
0.16642
0.183812
0.193737
0.197073
0.194586
0.186899
0.174547
0.158059
0.138069
0.115413
0.0912162
0.06692
0.044221
0.0248905
0.0104957
0.00210847
0.000103256
0.00412908
0.0132567
0.0262292
0.041718
0.0585151
0.0756366
0.077304
0.028519
0.00176876
0.00723212
0.0383993
0.0800814
0.120148
0.152864
0.1768
0.192396
0.200605
0.202352
0.198385
0.18929
0.175565
0.157726
0.13642
0.112545
0.0873348
0.0623822
0.0395425
0.0207051
0.00746221
0.000788388
0.000855337
0.00705893
0.0182342
0.0329549
0.0498059
0.067565
0.0852832
0.0693479
0.0214549
0.000194407
0.0131691
0.0499438
0.0939125
0.133806
0.165137
0.187287
0.201077
0.207591
0.207769
0.202327
0.191805
0.176665
0.15741
0.134716
0.109556
0.0833013
0.0577185
0.0348405
0.0166744
0.00481181
8.64249e-05
0.00242042
0.0109251
0.0241916
0.0406364
0.05878
0.0774094
0.0956282
0.061071
0.0149354
0.000246287
0.0210706
0.0629812
0.10859
0.147871
0.177612
0.197916
0.209907
0.214752
0.213378
0.206455
0.194473
0.17786
0.157112
0.132943
0.106429
0.0791002
0.0529292
0.030143
0.0128599
0.00263561
0.000109516
0.00490404
0.0158176
0.0311965
0.049319
0.0686686
0.0880658
0.106685
0.0525431
0.00921397
0.00218771
0.0310014
0.0774317
0.124029
0.162311
0.190306
0.208737
0.218949
0.22215
0.219233
0.210811
0.197323
0.179162
0.156826
0.131086
0.103141
0.0747168
0.0480203
0.0254893
0.0093379
0.00103943
0.000975698
0.00841699
0.021826
0.0393125
0.0590436
0.0794966
0.0995513
0.118469
0.0438717
0.00458966
0.00626818
0.0429799
0.0931973
0.140154
0.177113
0.203256
0.219809
0.228271
0.22985
0.225388
0.215435
0.200376
0.180576
0.156543
0.129124
0.0996698
0.070138
0.0430053
0.0209313
0.00620119
0.000144521
0.00281319
0.0130735
0.029038
0.0485988
0.0698466
0.0912864
0.111882
0.130998
0.0352116
0.00140308
0.0127072
0.0569776
0.110169
0.156905
0.192284
0.216512
0.231206
0.237949
0.237921
0.231897
0.220365
0.203654
0.182104
0.156251
0.127033
0.0959908
0.0653549
0.0379076
0.0165373
0.003561
8.7632e-05
0.00575878
0.0189884
0.0375367
0.0591087
0.0817598
0.104059
0.125078
0.144292
0.0267734
2.64224e-05
0.0216781
0.0729235
0.128241
0.174244
0.207855
0.230145
0.243009
0.248062
0.246429
0.238814
0.225635
0.207172
0.183748
0.155932
0.124788
0.0920805
0.0603635
0.0327624
0.0123931
0.00154777
0.00102045
0.00995581
0.0262757
0.0474001
0.0708895
0.0948115
0.117834
0.139158
0.158381
0.0188341
0.000848517
0.0332943
0.0907104
0.147313
0.192158
0.223876
0.244235
0.255308
0.258693
0.255444
0.246189
0.231278
0.210945
0.185502
0.15557
0.122362
0.0879177
0.055168
0.0276206
0.00860597
0.00031292
0.00310828
0.0155511
0.0350444
0.0586976
0.0839815
0.109026
0.132634
0.154149
0.173297
0.01174
0.00425325
0.0476004
0.110208
0.167307
0.21066
0.240419
0.258877
0.268196
0.269923
0.265031
0.254069
0.237324
0.214987
0.187363
0.155145
0.119729
0.0834839
0.0497818
0.0225507
0.00530588
2.84773e-05
0.00652771
0.0226918
0.0453968
0.0714908
0.0984195
0.124428
0.148482
0.170083
0.189083
0.00590969
0.0105944
0.0645707
0.131277
0.18817
0.229789
0.257572
0.274173
0.28177
0.281834
0.275254
0.262502
0.243803
0.219307
0.189326
0.154637
0.116862
0.0787643
0.0442301
0.0176417
0.00264803
0.00088683
0.0114639
0.0315217
0.0574259
0.0858321
0.114234
0.141041
0.165408
0.187
0.205792
0.00182883
0.0201684
0.0841142
0.153784
0.20988
0.249613
0.27544
0.290231
0.296127
0.294509
0.286177
0.271534
0.250743
0.223921
0.191387
0.154029
0.113739
0.0737522
0.0385531
0.0130074
0.000814755
0.00309914
0.0181062
0.0421772
0.0712132
0.101765
0.131451
0.158892
0.183448
0.20495
0.223487
3.64742e-05
0.0331902
0.106089
0.177614
0.23245
0.270219
0.294135
0.307162
0.311364
0.308023
0.29786
0.281209
0.258177
0.228843
0.193546
0.153304
0.110337
0.0684461
0.0328082
0.00878842
1.6205e-05
0.00689283
0.0266438
0.0547839
0.086828
0.119326
0.150098
0.178013
0.202648
0.223992
0.242241
0.00110271
0.0497734
0.130318
0.202683
0.255924
0.291715
0.313776
0.325075
0.327571
0.322454
0.310365
0.291575
0.266138
0.234096
0.195808
0.152451
0.106641
0.0628557
0.0270739
0.00515651
0.000490812
0.0125074
0.0372605
0.0694528
0.104327
0.138546
0.170203
0.198443
0.223062
0.244197
0.262139
0.00559567
0.0699254
0.156619
0.228946
0.280376
0.314217
0.334482
0.344073
0.344837
0.337872
0.323751
0.302685
0.274669
0.239707
0.198183
0.151461
0.102637
0.0570004
0.0214519
0.00231685
0.00250443
0.0201899
0.0501295
0.0862799
0.123756
0.159453
0.191799
0.220232
0.244758
0.265649
0.283276
0.0140408
0.0935494
0.184814
0.256397
0.305903
0.337847
0.356367
0.364254
0.363244
0.354351
0.338084
0.314596
0.28382
0.245715
0.200692
0.150336
0.0983182
0.0509135
0.0160735
0.000511888
0.00634774
0.030188
0.0654076
0.105342
0.14515
0.182076
0.214927
0.243439
0.267813
0.28844
0.305753
0.0268774
0.120464
0.214761
0.28507
0.332614
0.362726
0.379536
0.385706
0.382868
0.37196
0.353433
0.327375
0.293656
0.252174
0.203367
0.149081
0.093686
0.0446434
0.0111019
2.31207e-05
0.0123328
0.0427432
0.0832318
0.1267
0.16854
0.206448
0.239638
0.268135
0.292315
0.312668
0.329676
0.0444175
0.150435
0.246356
0.315028
0.360626
0.38896
0.404076
0.408504
0.403779
0.390772
0.369873
0.341103
0.304253
0.259152
0.206255
0.147712
0.0887452
0.0382557
0.00673808
0.00117305
0.0207873
0.0580837
0.103716
0.1504
0.193953
0.232607
0.265993
0.294401
0.318361
0.338438
0.35515
0.0668178
0.183202
0.279549
0.346357
0.390044
0.416639
0.430058
0.43271
0.426043
0.410861
0.38749
0.355875
0.315711
0.266738
0.209419
0.146255
0.0835098
0.0318365
0.00322691
0.00432577
0.0320468
0.0764171
0.126951
0.176477
0.221422
0.260605
0.294065
0.322328
0.346049
0.36585
0.382275
0.0940666
0.218519
0.314328
0.379148
0.420955
0.445822
0.457528
0.45837
0.449718
0.432306
0.406383
0.371804
0.328152
0.275047
0.212945
0.144751
0.0780016
0.0254975
0.000863472
0.00988575
0.0464461
0.0979234
0.153003
0.204959
0.250981
0.290501
0.323933
0.352008
0.375473
0.394996
0.411134
0.126001
0.256178
0.350723
0.413481
0.453414
0.476538
0.486503
0.485514
0.474859
0.455189
0.426663
0.389028
0.341726
0.284225
0.216945
0.143252
0.0722482
0.0193781
1.06868e-07
0.0182952
0.0643096
0.122753
0.181923
0.235875
0.282678
0.322365
0.355684
0.383529
0.406719
0.425951
0.441789
0.162338
0.296025
0.388777
0.449407
0.48743
0.508769
0.516971
0.514152
0.501511
0.479598
0.448459
0.407707
0.356615
0.294455
0.221565
0.141828
0.0662871
0.0136539
0.00105522
0.0300285
0.0859393
0.151023
0.213745
0.269257
0.316569
0.356273
0.389399
0.416966
0.439849
0.458758
0.474267
0.202725
0.337964
0.428527
0.48693
0.522959
0.542456
0.548884
0.544271
0.529709
0.505623
0.471915
0.428032
0.373041
0.305963
0.22699
0.140574
0.0601618
0.00854369
0.00452213
0.0455842
0.111608
0.182822
0.248501
0.30515
0.352719
0.392298
0.425144
0.45237
0.474887
0.493421
0.508551
0.246798
0.381943
0.469978
0.525987
0.559891
0.577481
0.582151
0.57583
0.559475
0.533353
0.497189
0.450223
0.39127
0.319031
0.233459
0.139608
0.0539234
0.00432166
0.0109789
0.0654739
0.14155
0.218218
0.286226
0.343603
0.391193
0.4305
0.462957
0.489747
0.51181
0.529886
0.544562
0.294228
0.427928
0.513073
0.566437
0.598045
0.613671
0.616639
0.608752
0.590806
0.562871
0.524451
0.474532
0.411618
0.334007
0.241278
0.139085
0.0476312
0.00133355
0.0210978
0.0902082
0.175961
0.257262
0.326961
0.384677
0.432045
0.470906
0.502825
0.529043
0.550526
0.568031
0.582155
0.344758
0.475871
0.557665
0.608042
0.63716
0.650789
0.652159
0.642919
0.623668
0.594243
0.553875
0.50124
0.434459
0.351318
0.250839
0.139208
0.041349
1.984e-05
0.0356567
0.120287
0.215003
0.300009
0.370764
0.428427
0.475301
0.513491
0.54467
0.570128
0.590863
0.607651
0.621101
0.398199
0.525657
0.603495
0.650469
0.676901
0.688532
0.688463
0.678155
0.657978
0.627498
0.585626
0.530653
0.460228
0.371488
0.262651
0.140245
0.0351468
0.000951107
0.0555451
0.156182
0.258811
0.346523
0.417694
0.474878
0.520924
0.558146
0.588313
0.612769
0.632546
0.648443
0.661082
0.454409
0.577057
0.65017
0.693278
0.716847
0.726528
0.725237
0.714215
0.693585
0.662614
0.61984
0.563091
0.489426
0.395164
0.277381
0.142567
0.0291027
0.00487858
0.0817679
0.198332
0.307518
0.396885
0.467795
0.524001
0.568786
0.60465
0.633458
0.656616
0.675191
0.690002
0.701681
0.513228
0.629682
0.69716
0.735931
0.756504
0.764332
0.762087
0.750769
0.730246
0.699476
0.656589
0.59886
0.522613
0.423129
0.295898
0.146688
0.0232974
0.0128124
0.115449
0.247153
0.361272
0.45118
0.52106
0.575653
0.618616
0.652629
0.679663
0.701184
0.718289
0.731812
0.742385
0.574386
0.682938
0.743787
0.7778
0.795308
0.80143
0.798539
0.787387
0.7676
0.737846
0.695834
0.638213
0.560395
0.456333
0.319361
0.153358
0.0178203
0.0261364
0.15782
0.303048
0.420247
0.50946
0.577361
0.629521
0.669953
0.701529
0.726321
0.745842
0.76121
0.77325
0.782583
0.637379
0.736001
0.789251
0.818185
0.832635
0.837243
0.834034
0.823523
0.805137
0.777305
0.737353
0.681268
0.60337
0.495906
0.349307
0.163699
0.0127692
0.0467894
0.210219
0.366458
0.484631
0.571662
0.636351
0.685036
0.722095
0.750583
0.772648
0.789822
0.803206
0.813598
0.821583
0.70133
0.78781
0.832644
0.856329
0.86782
0.871135
0.867932
0.858514
0.842176
0.817205
0.780651
0.727892
0.652032
0.543147
0.387787
0.179471
0.00825958
0.0775242
0.274096
0.43789
0.554534
0.637449
0.697331
0.74129
0.774053
0.798799
0.817691
0.83222
0.843428
0.852054
0.858629
0.764868
0.837091
0.872992
0.891454
0.90017
0.902432
0.899522
0.891577
0.877848
0.856616
0.824845
0.777511
0.70655
0.599433
0.437523
0.203531
0.0044415
0.122294
0.351064
0.517895
0.629758
0.705972
0.759093
0.796962
0.824531
0.84497
0.860345
0.87203
0.880957
0.887769
0.892922
0.826033
0.882406
0.909293
0.922784
0.928998
0.930444
0.928046
0.921834
0.911106
0.894298
0.868557
0.828855
0.766386
0.665922
0.502052
0.240699
0.00155047
0.186767
0.443012
0.606805
0.709341
0.775547
0.819763
0.850271
0.871939
0.887706
0.899398
0.908184
0.914835
0.919872
0.923656
0.882291
0.92224
0.940578
0.949584
0.953645
0.954493
0.952736
0.948349
0.940761
0.928719
0.909848
0.879688
0.829646
0.742744
0.585681
0.29936
5.18499e-05
0.278973
0.552109
0.703867
0.790806
0.843307
0.876726
0.899014
0.914464
0.92551
0.933593
0.939606
0.944123
0.94752
0.950057
0.930677
0.955104
0.965955
0.971191
0.973511
0.97395
0.972856
0.970188
0.965564
0.958139
0.946257
0.926621
0.892247
0.827153
0.692374
0.39433
0.00117483
0.410122
0.679623
0.805257
0.86923
0.905009
0.926692
0.940694
0.950191
0.956876
0.961713
0.965282
0.967944
0.969937
0.971417
0.968113
0.979663
0.984667
0.98705
0.988092
0.988274
0.987751
0.986497
0.984318
0.980786
0.975038
0.96527
0.94734
0.910355
0.820154
0.551214
0.00961121
0.595622
0.820057
0.900935
0.936708
0.955255
0.966016
0.972781
0.97729
0.980426
0.982675
0.984324
0.985549
0.986461
0.987137
0.991857
0.994857
0.996136
0.99674
0.997003
0.997046
0.996909
0.996585
0.996021
0.9951
0.993585
0.990962
0.985986
0.975026
0.943891
0.800659
0.0592061
0.840535
0.945897
0.972794
0.983266
0.988392
0.991277
0.993059
0.994233
0.995043
0.995621
0.996044
0.996356
0.996588
0.99676
1
1
1
1
1
1
1
1
1
1
1
1
1
1
1
1
1
1
1
1
1
1
1
1
1
1
1
1
1
1
1
