0.920128
0.881842
0.858358
0.852239
0.862194
0.884793
0.91514
0.947322
0.975206
0.993696
1
0.994172
0.978636
0.957033
0.933069
0.909786
0.889309
0.872907
0.861189
0.854297
0.852071
0.854154
0.860064
0.869234
0.881032
0.894785
0.909786
0.925322
0.940689
0.955229
0.968351
0.920011
0.881754
0.858316
0.852246
0.862245
0.884876
0.91524
0.947421
0.975283
0.993738
1
0.994134
0.978568
0.956949
0.932981
0.909704
0.889238
0.872853
0.861152
0.854279
0.852071
0.854171
0.860096
0.869279
0.881088
0.894849
0.909855
0.925392
0.940759
0.955294
0.968409
0.919659
0.88149
0.858191
0.852268
0.862398
0.885127
0.915542
0.947717
0.975515
0.993862
0.999999
0.994016
0.978364
0.956697
0.932718
0.909456
0.889027
0.87269
0.861043
0.854226
0.852072
0.854222
0.860193
0.869415
0.881256
0.89504
0.910061
0.925604
0.940966
0.955489
0.968583
0.919075
0.881053
0.857985
0.852306
0.862654
0.885546
0.916045
0.948208
0.9759
0.994067
0.999994
0.993819
0.978024
0.956277
0.932278
0.909045
0.888677
0.872419
0.860863
0.854138
0.852074
0.854308
0.860355
0.869642
0.881536
0.895359
0.910405
0.925957
0.941312
0.955813
0.968871
0.918258
0.880445
0.857701
0.852365
0.863017
0.886136
0.91675
0.948895
0.976434
0.994348
0.999982
0.993537
0.977544
0.955687
0.931663
0.908471
0.888188
0.872043
0.860613
0.854017
0.852079
0.854431
0.860584
0.869962
0.88193
0.895807
0.910887
0.92645
0.941795
0.956265
0.969273
0.917211
0.879673
0.857347
0.852451
0.863492
0.886899
0.917658
0.949774
0.977113
0.9947
0.999956
0.993167
0.976921
0.954927
0.930873
0.907735
0.887563
0.871565
0.860297
0.853868
0.852091
0.854594
0.860882
0.870376
0.882438
0.896385
0.911506
0.927084
0.942415
0.956843
0.969787
0.915936
0.878741
0.856929
0.852569
0.864084
0.887838
0.918767
0.950842
0.977931
0.995114
0.999909
0.992701
0.976152
0.953995
0.929908
0.906839
0.886806
0.870987
0.859918
0.853692
0.852113
0.854799
0.861251
0.870886
0.883062
0.897092
0.912263
0.927857
0.94317
0.957547
0.970409
0.914437
0.877658
0.856456
0.852729
0.864799
0.888957
0.920079
0.952095
0.97888
0.995582
0.999831
0.992134
0.975232
0.952888
0.928769
0.905786
0.88592
0.870314
0.859481
0.853495
0.852148
0.85505
0.861695
0.871496
0.883804
0.89793
0.913159
0.928769
0.944058
0.958372
0.971137
0.912718
0.876432
0.855939
0.852941
0.865645
0.890261
0.921594
0.95353
0.979953
0.996093
0.999713
0.991456
0.974155
0.951606
0.927456
0.904579
0.884908
0.869552
0.858991
0.853282
0.852202
0.855352
0.862218
0.872207
0.884665
0.8989
0.914192
0.929819
0.945077
0.959317
0.971967
0.910786
0.875075
0.855389
0.853215
0.86663
0.891753
0.92331
0.955139
0.981139
0.996634
0.999542
0.990658
0.972917
0.950146
0.925972
0.903221
0.883777
0.868704
0.858454
0.853058
0.852279
0.855709
0.862823
0.873023
0.885649
0.900003
0.915364
0.931005
0.946225
0.960377
0.972895
0.908646
0.873599
0.854822
0.853564
0.867764
0.893439
0.925228
0.956916
0.982426
0.997191
0.999304
0.989729
0.971511
0.948507
0.924318
0.901717
0.882532
0.867779
0.857876
0.85283
0.852388
0.856127
0.863516
0.873947
0.886756
0.90124
0.916672
0.932326
0.947499
0.961548
0.973915
0.906308
0.872018
0.85425
0.854001
0.869058
0.895323
0.927344
0.958853
0.983799
0.997748
0.998984
0.988659
0.96993
0.946687
0.922497
0.900072
0.881179
0.866784
0.857266
0.852606
0.852533
0.856611
0.8643
0.874983
0.887991
0.902612
0.918118
0.933779
0.948896
0.962827
0.975022
0.903781
0.870348
0.853693
0.854541
0.87052
0.89741
0.929657
0.960938
0.985244
0.998287
0.998567
0.987435
0.96817
0.944686
0.920511
0.898291
0.879726
0.865727
0.856631
0.852394
0.852722
0.857168
0.865181
0.876136
0.889354
0.90412
0.9197
0.935363
0.95041
0.964206
0.976209
0.901078
0.868607
0.853166
0.8552
0.872162
0.899704
0.932162
0.963161
0.986743
0.998789
0.998036
0.986046
0.966223
0.942501
0.918364
0.896381
0.878182
0.864617
0.855982
0.852201
0.852963
0.857805
0.866165
0.877408
0.890848
0.905764
0.921417
0.937074
0.952039
0.965681
0.977469
0.898212
0.866813
0.852691
0.855993
0.873995
0.902208
0.934854
0.965508
0.988277
0.999234
0.997371
0.98448
0.964084
0.940135
0.91606
0.89435
0.876554
0.863463
0.855326
0.852037
0.853264
0.858529
0.867257
0.878804
0.892476
0.907545
0.923267
0.938909
0.953776
0.967245
0.978794
0.895201
0.864988
0.852286
0.856937
0.87603
0.904925
0.937726
0.967963
0.989824
0.999598
0.996556
0.982723
0.961747
0.937586
0.913605
0.892205
0.874854
0.862276
0.854675
0.851912
0.853634
0.859346
0.868462
0.880327
0.894239
0.909461
0.925248
0.940863
0.955615
0.968889
0.980174
0.892062
0.863155
0.851975
0.858051
0.878276
0.907855
0.940769
0.970509
0.991361
0.999858
0.995569
0.980764
0.959208
0.934859
0.911006
0.889957
0.873092
0.861067
0.854039
0.851836
0.854081
0.860264
0.869786
0.881981
0.896138
0.911514
0.927357
0.942931
0.95755
0.970606
0.981602
0.888816
0.861338
0.851778
0.85935
0.880743
0.910999
0.943974
0.973125
0.992864
0.999989
0.994393
0.978592
0.956463
0.931954
0.90827
0.887615
0.871279
0.859848
0.853429
0.851818
0.854614
0.861291
0.871235
0.88377
0.898175
0.913701
0.92959
0.945109
0.959574
0.972386
0.983065
0.885486
0.859562
0.851719
0.860852
0.88344
0.914356
0.947325
0.975788
0.994303
0.999966
0.993007
0.976195
0.953511
0.928877
0.905405
0.885191
0.869428
0.858632
0.852858
0.85187
0.855243
0.862433
0.872813
0.885696
0.900351
0.91602
0.931945
0.947389
0.961677
0.97422
0.984554
0.882099
0.857854
0.851822
0.862573
0.886375
0.91792
0.950808
0.978474
0.995651
0.999762
0.991392
0.973563
0.950349
0.925632
0.902421
0.882696
0.867551
0.85743
0.852338
0.852002
0.855975
0.863697
0.874525
0.887761
0.902664
0.91847
0.934415
0.949765
0.96385
0.976096
0.986055
0.878682
0.856243
0.852111
0.864531
0.889553
0.921686
0.954405
0.981156
0.996877
0.999349
0.989529
0.970688
0.946978
0.922228
0.89933
0.880144
0.865664
0.856257
0.85188
0.852225
0.856821
0.86509
0.876376
0.889968
0.905115
0.921046
0.936994
0.952228
0.966084
0.978004
0.987557
0.875265
0.854757
0.852607
0.86674
0.892979
0.925645
0.958093
0.983801
0.997948
0.998701
0.987401
0.967563
0.9434
0.918671
0.896144
0.877549
0.863779
0.855126
0.851497
0.852549
0.857789
0.866619
0.87837
0.892318
0.907703
0.923745
0.939677
0.954769
0.968368
0.979929
0.989046
0.871881
0.853426
0.853336
0.869213
0.896654
0.929786
0.961848
0.986379
0.998831
0.997789
0.984992
0.964183
0.939619
0.914973
0.892875
0.874926
0.861911
0.854052
0.851201
0.852985
0.858886
0.868289
0.880509
0.894811
0.910423
0.926562
0.942455
0.957378
0.970689
0.98186
0.990507
0.868562
0.852281
0.854318
0.871962
0.900577
0.934092
0.965643
0.988853
0.99949
0.996588
0.982285
0.960544
0.93564
0.911144
0.889539
0.87229
0.860077
0.853047
0.851005
0.853543
0.86012
0.870104
0.882796
0.897446
0.913274
0.92949
0.94532
0.960045
0.973034
0.983781
0.991925
0.865346
0.85135
0.855575
0.874999
0.904746
0.938547
0.969446
0.991186
0.99989
0.995071
0.979269
0.956645
0.931473
0.907199
0.886152
0.869658
0.858291
0.852126
0.85092
0.854232
0.861499
0.87207
0.885231
0.900222
0.916251
0.932522
0.948262
0.962757
0.975391
0.985678
0.993285
0.862266
0.850663
0.857127
0.878329
0.909153
0.943128
0.973224
0.993338
0.999996
0.993214
0.975933
0.952489
0.927126
0.903151
0.88273
0.867046
0.856569
0.851303
0.850958
0.855062
0.863028
0.874189
0.887817
0.903137
0.919349
0.935651
0.95127
0.965502
0.977744
0.987535
0.99457
0.859361
0.850248
0.858991
0.881958
0.913787
0.947809
0.976938
0.995267
0.99977
0.990993
0.972268
0.948078
0.922612
0.899018
0.879291
0.864471
0.854927
0.850591
0.851129
0.856039
0.864713
0.876465
0.890551
0.906186
0.922561
0.938866
0.954333
0.968265
0.980078
0.989335
0.995764
0.856668
0.850132
0.861183
0.885889
0.918637
0.952562
0.980546
0.996928
0.999177
0.988388
0.96827
0.943422
0.917946
0.894818
0.875853
0.861951
0.853379
0.850003
0.851444
0.857172
0.866557
0.878897
0.893433
0.909367
0.925879
0.942159
0.957439
0.971033
0.982377
0.991061
0.996848
0.854222
0.850341
0.863714
0.890118
0.923683
0.957352
0.984006
0.998278
0.998182
0.985381
0.963936
0.938528
0.913143
0.890568
0.872435
0.859504
0.851941
0.849551
0.851912
0.858467
0.868564
0.881486
0.896459
0.912671
0.929296
0.945518
0.960573
0.973789
0.984623
0.992695
0.997804
0.852059
0.850897
0.866596
0.894641
0.928903
0.962142
0.987268
0.999269
0.996753
0.981957
0.95927
0.933412
0.908224
0.886289
0.869057
0.857144
0.850627
0.849245
0.85254
0.859927
0.870736
0.884231
0.899625
0.916094
0.932802
0.948931
0.963722
0.976517
0.986798
0.994218
0.998613
0.850212
0.85182
0.869835
0.89945
0.934273
0.966891
0.990282
0.999855
0.994858
0.978104
0.954276
0.928087
0.903207
0.882003
0.865737
0.854891
0.849449
0.849096
0.853334
0.861556
0.873072
0.887129
0.902926
0.919626
0.936386
0.952384
0.966869
0.979199
0.988883
0.995609
0.999256
0.848713
0.853128
0.873432
0.904531
0.939763
0.971551
0.992995
0.999988
0.992468
0.973817
0.948964
0.922574
0.898116
0.87773
0.862494
0.852758
0.84842
0.849111
0.854301
0.863357
0.875572
0.890177
0.906356
0.92326
0.940036
0.955865
0.969999
0.981818
0.990859
0.996849
0.999711
0.84759
0.854833
0.877388
0.909867
0.945336
0.976072
0.99535
0.999623
0.98956
0.969092
0.943348
0.916894
0.892973
0.873492
0.859346
0.850759
0.847549
0.849298
0.855442
0.865329
0.878233
0.893369
0.909906
0.926984
0.943741
0.959357
0.973094
0.984353
0.992704
0.997917
0.99996
0.846868
0.856947
0.881697
0.915438
0.950955
0.980399
0.997289
0.998716
0.986111
0.963933
0.937444
0.91107
0.887802
0.869311
0.856312
0.848909
0.846847
0.849661
0.856761
0.867472
0.881051
0.8967
0.91357
0.930789
0.947488
0.962845
0.976136
0.986784
0.994397
0.998789
0.999979
0.846569
0.859474
0.886352
0.92122
0.956574
0.984473
0.998751
0.997222
0.982107
0.958346
0.931276
0.905129
0.882628
0.865207
0.853406
0.847218
0.846319
0.850204
0.858256
0.869782
0.884023
0.900162
0.917338
0.934664
0.951262
0.966313
0.979105
0.98909
0.995915
0.999444
0.999746
0.846707
0.862416
0.89134
0.927182
0.962146
0.98823
0.999675
0.995103
0.977538
0.952346
0.924866
0.899098
0.877476
0.861199
0.850643
0.845695
0.845971
0.850928
0.859926
0.872255
0.88714
0.903748
0.9212
0.938595
0.955049
0.969742
0.981982
0.991248
0.997234
0.999856
0.999239
0.847297
0.865772
0.896645
0.933291
0.967615
0.991602
1
0.992324
0.972401
0.945951
0.918244
0.893004
0.87237
0.857306
0.848034
0.844348
0.845804
0.851831
0.861767
0.874886
0.890397
0.907449
0.925146
0.942571
0.958833
0.973116
0.984744
0.993235
0.998329
1
0.998435
0.848344
0.869535
0.90225
0.939511
0.972921
0.994515
0.999664
0.988856
0.966697
0.939184
0.911441
0.886878
0.867332
0.853545
0.845591
0.843179
0.84582
0.852911
0.863775
0.877668
0.893785
0.911256
0.929165
0.946579
0.962598
0.976413
0.987369
0.995024
0.999172
0.99985
0.997307
0.849851
0.873697
0.90813
0.945798
0.977997
0.996892
0.998607
0.984674
0.960439
0.932074
0.904488
0.880747
0.862384
0.849927
0.843319
0.842192
0.846014
0.854162
0.865941
0.880594
0.897297
0.915159
0.933246
0.950605
0.966328
0.979613
0.989832
0.996587
0.999735
0.999379
0.995833
0.851817
0.878245
0.914263
0.952105
0.98277
0.998652
0.996774
0.979765
0.953644
0.924655
0.89742
0.874638
0.857544
0.846464
0.841222
0.841384
0.846383
0.855577
0.868259
0.883655
0.900923
0.919151
0.937378
0.954635
0.970004
0.982693
0.992106
0.997897
0.999989
0.998558
0.993985
0.854235
0.883166
0.920619
0.958376
0.987158
0.999712
0.994113
0.974121
0.946336
0.916963
0.890271
0.868578
0.852828
0.843163
0.839301
0.84075
0.846919
0.857148
0.870718
0.886842
0.904655
0.92322
0.941551
0.958655
0.973607
0.985629
0.994162
0.99892
0.999901
0.997357
0.991738
0.857096
0.888443
0.927168
0.964552
0.991071
0.999988
0.99058
0.967746
0.938549
0.909037
0.883074
0.862588
0.848249
0.840027
0.837551
0.840284
0.847613
0.858865
0.873311
0.890147
0.908486
0.92736
0.945752
0.962648
0.977116
0.988394
0.995969
0.999624
0.999437
0.995744
0.989066
0.860389
0.894061
0.933874
0.97056
0.994411
0.999394
0.98614
0.960653
0.93032
0.900918
0.87586
0.856688
0.843812
0.837056
0.835967
0.839976
0.848452
0.860716
0.876027
0.893563
0.912408
0.931562
0.949972
0.966599
0.980506
0.990957
0.997492
0.99997
0.998561
0.993687
0.985941
0.864101
0.900002
0.940697
0.976319
0.997072
0.997848
0.980768
0.952867
0.921692
0.892647
0.868658
0.850893
0.839523
0.834243
0.834537
0.839811
0.849424
0.86269
0.878858
0.897082
0.916415
0.935818
0.954197
0.970488
0.983753
0.993286
0.998692
0.99992
0.997236
0.991154
0.982337
0.86822
0.906249
0.947591
0.981738
0.998941
0.995274
0.974452
0.94442
0.912714
0.884263
0.861493
0.845211
0.835379
0.831578
0.833248
0.839775
0.850514
0.864776
0.881794
0.900698
0.920503
0.940121
0.958416
0.974296
0.986827
0.995343
0.999528
0.999431
0.995423
0.988111
0.978229
0.872736
0.912783
0.954499
0.986707
0.999899
0.991605
0.967194
0.935356
0.903433
0.875801
0.854382
0.839648
0.831372
0.829049
0.832082
0.83985
0.851709
0.866963
0.88483
0.904408
0.924667
0.944463
0.962613
0.977998
0.989693
0.997088
0.999955
0.998457
0.99308
0.984525
0.973589
0.877639
0.919585
0.961354
0.991104
0.999823
0.986784
0.959012
0.925724
0.893899
0.867296
0.84734
0.834199
0.827489
0.826635
0.831019
0.840018
0.852992
0.86924
0.887959
0.90821
0.928904
0.948838
0.966773
0.981567
0.992314
0.998472
0.999921
0.996951
0.990165
0.98036
0.968394
0.882924
0.926631
0.968075
0.994791
0.998594
0.980773
0.949935
0.915582
0.884159
0.858771
0.840371
0.828857
0.823712
0.824314
0.830036
0.84026
0.854351
0.871601
0.891181
0.912104
0.933214
0.953237
0.970877
0.98497
0.994645
0.999444
0.999373
0.994861
0.986635
0.975585
0.962621
0.888589
0.933892
0.974559
0.997615
0.996094
0.973549
0.940009
0.904987
0.874254
0.850246
0.833475
0.823604
0.820018
0.822061
0.829108
0.840556
0.855772
0.87404
0.894496
0.916091
0.937595
0.957649
0.9749
0.98817
0.996635
0.999945
0.998252
0.992134
0.982448
0.970168
0.956246
0.894636
0.94133
0.980685
0.99941
0.992221
0.96511
0.92929
0.893999
0.864222
0.84173
0.826639
0.818417
0.816375
0.819845
0.828211
0.840887
0.857246
0.876555
0.897905
0.920177
0.942045
0.962062
0.978814
0.99112
0.998225
0.999911
0.996496
0.988717
0.977559
0.964076
0.949251
0.901069
0.948893
0.986304
0.999998
0.986886
0.955478
0.917844
0.882675
0.854089
0.833224
0.819845
0.813267
0.812753
0.817635
0.82732
0.841238
0.858766
0.879147
0.901417
0.924366
0.946563
0.966459
0.982583
0.993767
0.99935
0.999273
0.994038
0.984554
0.971928
0.957283
0.941616
0.907891
0.956508
0.991241
0.999202
0.980024
0.944694
0.905742
0.871064
0.843874
0.824717
0.813065
0.808118
0.809112
0.815398
0.826408
0.841593
0.860327
0.881821
0.905039
0.928664
0.951143
0.970818
0.986165
0.996049
0.999935
0.997953
0.990811
0.97959
0.965515
0.94976
0.933325
0.915102
0.964081
0.995293
0.996845
0.971598
0.932815
0.893055
0.859208
0.83358
0.816188
0.806263
0.802927
0.805414
0.813101
0.825453
0.841941
0.861931
0.884587
0.908784
0.93308
0.955779
0.975109
0.989504
0.997892
0.999897
0.995871
0.986743
0.973771
0.958282
0.941485
0.924363
0.922696
0.971481
0.998231
0.992768
0.961601
0.919919
0.879852
0.847136
0.8232
0.807604
0.799395
0.797648
0.801615
0.81071
0.824435
0.842274
0.86358
0.887455
0.912665
0.937618
0.960457
0.979295
0.992538
0.999212
0.999145
0.992941
0.981766
0.967045
0.950194
0.932435
0.914717
0.930652
0.978545
0.999806
0.986831
0.950056
0.906087
0.866194
0.834863
0.812713
0.798923
0.792409
0.792231
0.797673
0.808195
0.823335
0.84259
0.865284
0.890444
0.916699
0.942282
0.96516
0.983326
0.995188
0.999914
0.99758
0.989075
0.975808
0.959364
0.94122
0.922591
0.904372
0.938929
0.985065
0.999754
0.978929
0.937019
0.89141
0.852129
0.822388
0.802084
0.790093
0.785248
0.786622
0.793545
0.805527
0.82214
0.842888
0.867057
0.893571
0.9209
0.947071
0.969857
0.98714
0.997364
0.999891
0.995096
0.984182
0.968804
0.950681
0.931331
0.911934
0.893315
0.947457
0.990786
0.997812
0.968999
0.922568
0.875971
0.837689
0.809694
0.791263
0.781051
0.77785
0.780767
0.789189
0.802677
0.820838
0.843174
0.868914
0.896859
0.925283
0.95198
0.974511
0.990662
0.998961
0.999024
0.991583
0.978174
0.960688
0.940956
0.920503
0.900449
0.881531
0.956128
0.99541
0.993732
0.95702
0.906803
0.859846
0.822887
0.796744
0.780191
0.771729
0.77015
0.774612
0.784565
0.799624
0.819424
0.843457
0.870876
0.90033
0.929862
0.956995
0.979069
0.993799
0.999855
0.997187
0.986927
0.970962
0.951401
0.930153
0.908714
0.888118
0.869002
0.964788
0.998597
0.987293
0.943022
0.889831
0.843095
0.807716
0.783488
0.768794
0.762051
0.762079
0.768103
0.779635
0.796346
0.817896
0.843749
0.872967
0.904009
0.934645
0.962092
0.983463
0.996439
0.999912
0.994241
0.981012
0.962463
0.940891
0.91824
0.895941
0.874922
0.855708
0.973227
0.999974
0.978322
0.927076
0.871759
0.825756
0.792145
0.769855
0.756991
0.751938
0.753571
0.761186
0.774365
0.792828
0.816252
0.844068
0.875212
0.907919
0.939636
0.967238
0.987607
0.998452
0.99898
0.990044
0.973724
0.9526
0.92911
0.905189
0.882166
0.860842
0.841619
0.981166
0.999151
0.966706
0.90929
0.852687
0.807842
0.776124
0.755765
0.744692
0.741307
0.744556
0.753811
0.768722
0.789055
0.814498
0.84443
0.877638
0.912082
0.944832
0.972379
0.991394
0.999687
0.996892
0.984449
0.964956
0.941302
0.916018
0.890974
0.867366
0.845851
0.826703
0.98826
0.995747
0.9524
0.889792
0.832693
0.78934
0.759581
0.741123
0.731804
0.730077
0.734969
0.745931
0.762676
0.785013
0.812637
0.844855
0.880271
0.916516
0.950218
0.977449
0.994694
0.999972
0.993472
0.977308
0.954603
0.928509
0.901581
0.875572
0.851518
0.829917
0.810917
0.99409
0.989406
0.935429
0.868723
0.81183
0.770211
0.742428
0.725827
0.71823
0.718166
0.724746
0.737498
0.756197
0.780693
0.810674
0.845363
0.883138
0.921236
0.95577
0.982358
0.997352
0.999113
0.988536
0.968478
0.942574
0.914168
0.885766
0.858959
0.834592
0.813
0.794208
0.998171
0.979832
0.915886
0.846216
0.79012
0.750387
0.72456
0.709769
0.703873
0.705491
0.713823
0.728466
0.749256
0.776079
0.808613
0.845971
0.886261
0.926248
0.961447
0.986993
0.999185
0.996901
0.981894
0.957823
0.928787
0.898235
0.868549
0.841108
0.816552
0.79505
0.776513
0.999964
0.96681
0.893911
0.822386
0.76755
0.729781
0.705865
0.692838
0.688636
0.691977
0.70214
0.718791
0.741823
0.771157
0.806454
0.846696
0.889663
0.931554
0.967192
0.991212
0.999984
0.993107
0.973356
0.945216
0.913172
0.880674
0.849902
0.821987
0.797352
0.776008
0.757759
0.998897
0.950227
0.869682
0.797317
0.744076
0.708285
0.686224
0.674925
0.672429
0.677546
0.689635
0.708425
0.733862
0.765904
0.804192
0.847549
0.893359
0.937144
0.972926
0.994843
0.999509
0.987493
0.962739
0.930547
0.895673
0.861454
0.829797
0.801557
0.776938
0.755803
0.737861
0.994404
0.930075
0.843381
0.771054
0.719624
0.685783
0.665518
0.655927
0.655163
0.662128
0.676249
0.697315
0.725331
0.760293
0.801817
0.848539
0.897363
0.943
0.978548
0.997683
0.997496
0.97981
0.94987
0.91372
0.876244
0.840547
0.808201
0.779768
0.755242
0.734351
0.716724
0.985959
0.906451
0.815186
0.743603
0.694097
0.662153
0.643633
0.635746
0.636756
0.645649
0.661916
0.685404
0.71618
0.754285
0.799308
0.849664
0.901682
0.949086
0.983927
0.999488
0.993652
0.969812
0.934592
0.894658
0.85485
0.817924
0.785073
0.756561
0.732187
0.71156
0.694247
0.973123
0.879536
0.785239
0.71493
0.667386
0.637274
0.620464
0.614294
0.617132
0.62804
0.646567
0.672625
0.706344
0.747826
0.796633
0.850919
0.906314
0.955357
0.988898
0.999977
0.987667
0.957257
0.916768
0.8733
0.83146
0.793553
0.760362
0.731865
0.707685
0.687332
0.670324
0.955582
0.849565
0.753644
0.684972
0.639374
0.61104
0.595924
0.591496
0.596221
0.609228
0.630127
0.658897
0.695747
0.740848
0.793745
0.852288
0.911255
0.961744
0.993262
0.998827
0.979213
0.941916
0.896284
0.8496
0.806047
0.767393
0.734007
0.705599
0.681639
0.661562
0.64485
0.933182
0.816798
0.720451
0.653643
0.609956
0.583361
0.569942
0.56729
0.573957
0.589139
0.61251
0.644125
0.684289
0.733262
0.790581
0.853745
0.91649
0.968163
0.996773
0.995674
0.967953
0.923583
0.873049
0.823523
0.778578
0.739395
0.705935
0.677672
0.653951
0.63415
0.617725
0.905933
0.781481
0.685672
0.620852
0.579045
0.554178
0.542472
0.54163
0.550282
0.567694
0.593617
0.628196
0.671848
0.724953
0.787055
0.855249
0.921998
0.974503
0.999137
0.990114
0.953554
0.902077
0.846997
0.795041
0.749019
0.709499
0.676067
0.647992
0.624527
0.605004
0.588866
0.873999
0.743822
0.649277
0.586519
0.546586
0.523462
0.513497
0.514486
0.525141
0.544811
0.573337
0.610972
0.658274
0.715775
0.783055
0.856748
0.927752
0.980622
1
0.981705
0.93569
0.877247
0.818077
0.764125
0.717322
0.677635
0.644316
0.616471
0.593281
0.574049
0.558211
0.837662
0.703975
0.611223
0.550593
0.51257
0.491231
0.483029
0.485848
0.498489
0.520402
0.551541
0.592293
0.643385
0.705545
0.778435
0.858172
0.933713
0.986346
0.998945
0.969971
0.914061
0.848977
0.786255
0.730743
0.683431
0.643727
0.610601
0.583034
0.560151
0.541242
0.525733
0.797275
0.662036
0.571473
0.51307
0.477041
0.457544
0.451116
0.455729
0.470291
0.494377
0.528085
0.571968
0.626959
0.694037
0.77301
0.859426
0.939838
0.991456
0.995478
0.954416
0.888392
0.817178
0.751499
0.69485
0.647281
0.607702
0.574856
0.54763
0.525113
0.506579
0.491449
0.753202
0.618057
0.530022
0.474013
0.440109
0.422519
0.417849
0.42417
0.440525
0.466647
0.502811
0.549777
0.60873
0.680969
0.766541
0.860392
0.946077
0.995678
0.989021
0.934526
0.85845
0.781782
0.713774
0.656397
0.608807
0.5695
0.537043
0.510253
0.48819
0.470114
0.455438
0.705772
0.572072
0.486927
0.433563
0.401955
0.386329
0.383361
0.391248
0.409194
0.437129
0.475549
0.525468
0.588382
0.665993
0.758722
0.860915
0.952369
0.998666
0.978902
0.909792
0.824039
0.742738
0.673039
0.615322
0.567955
0.529094
0.497175
0.470957
0.449474
0.431969
0.417845
0.655242
0.524129
0.442335
0.391958
0.36284
0.349211
0.347841
0.357081
0.376332
0.405757
0.446125
0.49876
0.565541
0.648682
0.749161
0.860792
0.958651
0.99998
0.964343
0.879713
0.784997
0.699991
0.629236
0.571573
0.524699
0.486509
0.45533
0.429872
0.409137
0.392349
0.378899
0.601801
0.474343
0.396505
0.349531
0.323099
0.311468
0.311537
0.321845
0.342022
0.372502
0.414374
0.469347
0.539772
0.628512
0.737349
0.859755
0.964853
0.999049
0.944455
0.843818
0.741189
0.653477
0.582306
0.525122
0.479076
0.441854
0.411687
0.387231
0.367454
0.351557
0.338918
0.545591
0.422943
0.34983
0.306722
0.283153
0.273472
0.274763
0.285785
0.306415
0.337386
0.38016
0.436909
0.510574
0.604836
0.722619
0.857433
0.970897
0.995121
0.918232
0.801668
0.692482
0.603115
0.532205
0.475999
0.431214
0.39535
0.366542
0.343384
0.324809
0.309998
0.298319
0.486772
0.370318
0.30284
0.264069
0.243496
0.235668
0.237913
0.249231
0.269754
0.300524
0.343411
0.40114
0.477387
0.576871
0.704102
0.853312
0.976703
0.987188
0.884551
0.752847
0.638728
0.54882
0.47894
0.424347
0.381384
0.347371
0.320337
0.298816
0.281711
0.268188
0.257615
0.425614
0.317062
0.256213
0.2222
0.204692
0.19857
0.201461
0.212613
0.2324
0.262154
0.304166
0.361787
0.439605
0.543667
0.680639
0.846642
0.98218
0.973864
0.84218
0.696952
0.579753
0.49054
0.422639
0.370479
0.330047
0.298471
0.273679
0.254158
0.23879
0.22675
0.217417
0.362621
0.263999
0.210749
0.181815
0.167365
0.162757
0.165966
0.176477
0.194863
0.222695
0.262647
0.318732
0.39663
0.504094
0.650693
0.836301
0.987231
0.953211
0.789781
0.633542
0.515369
0.428338
0.363649
0.314964
0.277905
0.249417
0.227352
0.210178
0.196794
0.186402
0.178417
0.29867
0.21219
0.167356
0.143671
0.13218
0.128865
0.132068
0.141486
0.157824
0.182795
0.219349
0.272108
0.347968
0.456853
0.612213
0.820529
0.99174
0.922476
0.725904
0.56211
0.445466
0.362551
0.302669
0.25871
0.225947
0.201201
0.182309
0.16778
0.156572
0.147946
0.141371
0.235132
0.162909
0.127008
0.108546
0.0998298
0.0975678
0.100478
0.108423
0.122152
0.143384
0.175155
0.222489
0.29345
0.400567
0.562477
0.796469
0.995559
0.877706
0.648936
0.482105
0.370242
0.294028
0.240907
0.203038
0.175469
0.15503
0.139655
0.12797
0.119043
0.112231
0.107078
0.173967
0.117594
0.0907069
0.0772164
0.0710021
0.0695564
0.0719538
0.0781662
0.0888945
0.105702
0.131443
0.171145
0.233614
0.334078
0.497948
0.759301
0.99845
0.813233
0.556988
0.393195
0.290659
0.224453
0.180237
0.149729
0.128061
0.112294
0.100602
0.0918164
0.0851653
0.0801276
0.0763443
0.117709
0.0777602
0.0594218
0.0504164
0.0463555
0.0455073
0.0472635
0.0516514
0.0592389
0.0712808
0.0901524
0.120312
0.170354
0.257256
0.414319
0.70064
0.999948
0.721027
0.447891
0.296133
0.209194
0.156693
0.123274
0.100986
0.0855358
0.0744902
0.0664071
0.0603937
0.0558774
0.0524799
0.0499431
0.0693229
0.0448964
0.0340449
0.0288091
0.0264887
0.0260498
0.0271443
0.029812
0.0344359
0.0418607
0.0537425
0.0733789
0.107753
0.172847
0.307626
0.60567
0.998825
0.589878
0.320377
0.194743
0.13077
0.0949911
0.0733079
0.0593057
0.0498093
0.0431241
0.0382866
0.0347181
0.0320556
0.0300633
0.0285829
0.0318872
0.0203367
0.0153332
0.0129501
0.0119076
0.0117258
0.0122486
0.0135027
0.0156816
0.0192137
0.0249619
0.0347304
0.0526598
0.0896449
0.179846
0.448786
0.990389
0.404378
0.179943
0.0990653
0.0632915
0.0447447
0.0339837
0.0272187
0.02271
0.0195744
0.0173245
0.0156755
0.0144513
0.0135387
0.0128632
0.00814313
0.00514317
0.00386411
0.00325984
0.0029974
0.00295407
0.00309068
0.00341499
0.00397944
0.0049001
0.00641519
0.00903791
0.0140143
0.0249741
0.0561088
0.199341
0.940794
0.159465
0.0541025
0.0272063
0.0167336
0.0116077
0.00872266
0.00694102
0.00576711
0.00495684
0.0043788
0.00395632
0.00364417
0.00341177
0.00324005
0
0
0
0
0
0
0
0
1.19209e-07
0
0
0
0
5.96046e-08
-1.19209e-07
-1.19209e-07
5.96046e-08
0
0
0
-1.19209e-07
0
0
5.96046e-08
0
0
0
0
0
0
0
