0.0662207
0.0352842
0.00793804
0.000420568
0.0148528
0.0406238
0.0644868
0.077804
0.0777499
0.0658763
0.0465553
0.0256324
0.00892489
0.0005923
0.00201167
0.0117689
0.0264642
0.0427485
0.0577294
0.0692201
0.0759808
0.0778569
0.0751358
0.068347
0.0584035
0.0466348
0.0346263
0.0232124
0.0134094
0.00599954
0.00147168
0.0661348
0.0351723
0.00787064
0.000436789
0.0149361
0.0407254
0.0645627
0.077831
0.0777242
0.0658088
0.0464666
0.025548
0.00886808
0.000577079
0.00203917
0.0118291
0.0265412
0.0428268
0.0577962
0.0692667
0.0760029
0.0778542
0.0751101
0.0683019
0.0583444
0.0465682
0.0345588
0.0231505
0.0133585
0.00596386
0.00145367
0.0658755
0.0348364
0.00766997
0.000487242
0.0151866
0.0410299
0.0647895
0.0779105
0.0776458
0.0656054
0.0462005
0.0252955
0.00869863
0.000532584
0.00212274
0.0120104
0.0267727
0.0430615
0.057996
0.0694059
0.0760685
0.0778453
0.0750323
0.0681662
0.0581668
0.0463681
0.0343565
0.0229649
0.0132063
0.00585743
0.00140027
0.0654397
0.0342776
0.00734079
0.000577369
0.0156074
0.041537
0.0651643
0.0780388
0.0775113
0.0652638
0.0457564
0.0248762
0.00841953
0.000462395
0.00226555
0.0123149
0.0271591
0.0434521
0.0583276
0.0696355
0.0761753
0.0778281
0.0749005
0.0679385
0.0578698
0.0460343
0.0340196
0.0226567
0.0129542
0.00568201
0.00131351
0.0648219
0.0334976
0.00689108
0.00071617
0.0162033
0.0422455
0.0656824
0.0782098
0.077315
0.0647804
0.0451336
0.0242925
0.00803576
0.000372471
0.00247288
0.0127459
0.0277017
0.0439978
0.0587883
0.0699524
0.0763198
0.0777991
0.0747117
0.0676161
0.0574519
0.0455664
0.0335489
0.0222276
0.0126048
0.00544074
0.00119671
0.0640142
0.0324988
0.00633208
0.000916142
0.0169804
0.0431542
0.0663371
0.0784146
0.0770492
0.0641501
0.0443312
0.0235481
0.00755428
0.000271164
0.002752
0.0133081
0.028402
0.0446971
0.059375
0.0703519
0.0764967
0.077753
0.0744611
0.0671958
0.0569109
0.044964
0.0329454
0.0216799
0.0121616
0.00513791
0.00105453
0.0630079
0.0312852
0.0056789
0.00119308
0.0179462
0.0442604
0.0671193
0.0786423
0.0767035
0.0633668
0.0433485
0.022648
0.00698438
0.000169157
0.00311214
0.0140073
0.0292617
0.0455484
0.0600829
0.0708278
0.0766993
0.0776836
0.0741435
0.0666735
0.0562445
0.0442262
0.0322103
0.0210168
0.0116292
0.0047791
0.000892967
0.0617924
0.0298624
0.00495005
0.00156599
0.0191094
0.0455608
0.0680178
0.0788789
0.0762663
0.0624233
0.042185
0.0215986
0.00633762
7.95469e-05
0.00356425
0.0148498
0.0302823
0.0465485
0.0609064
0.0713726
0.0769195
0.0775831
0.0737521
0.066044
0.0554499
0.0433529
0.0313458
0.0202424
0.0110133
0.00437126
0.000719376
0.0603566
0.0282387
0.00416827
0.00205677
0.0204787
0.0470499
0.0690188
0.0791084
0.0757236
0.0613116
0.040841
0.0204085
0.00562799
1.77079e-05
0.00412099
0.0158431
0.0314655
0.0476944
0.0618384
0.0719774
0.077148
0.0774425
0.0732794
0.0653019
0.0545239
0.0423438
0.0303544
0.0193617
0.0103211
0.00392256
0.00054242
0.0586889
0.0264251
0.00336026
0.00268976
0.022063
0.048721
0.0701061
0.079312
0.07506
0.0600233
0.0393174
0.0190876
0.00487189
1.26186e-06
0.00479634
0.0169948
0.032812
0.0489813
0.0628705
0.0726315
0.0773733
0.0772513
0.0727165
0.0644409
0.0534637
0.0411991
0.0292393
0.0183809
0.00956089
0.00344265
0.000372109
0.0567789
0.0244361
0.00255719
0.00349144
0.0238705
0.0505644
0.0712604
0.0794689
0.0742586
0.0585504
0.037617
0.017649
0.00408852
4.99798e-05
0.00560546
0.0183125
0.034322
0.0504032
0.0639925
0.0733231
0.0775834
0.0769983
0.0720542
0.0634546
0.0522659
0.0399195
0.028005
0.0173074
0.00874223
0.00294258
0.000219736
0.0546166
0.0222914
0.00179458
0.00448973
0.0259076
0.0525679
0.0724598
0.079556
0.0733016
0.0568848
0.035744
0.0161082
0.0032998
0.0001856
0.00656428
0.0198038
0.0359949
0.051953
0.0651932
0.0740383
0.0777643
0.0766709
0.0712825
0.0623363
0.0509283
0.0385065
0.0266568
0.01615
0.00787645
0.00243482
9.78581e-05
0.0521957
0.0200149
0.00111209
0.00571325
0.0281786
0.0547159
0.0736793
0.0795477
0.0721706
0.0550195
0.0337048
0.0144835
0.00253044
0.000431638
0.00768931
0.0214755
0.0378284
0.0536214
0.0664589
0.074762
0.0779009
0.0762557
0.0703908
0.0610794
0.0494482
0.0369626
0.0252014
0.0149189
0.00697612
0.00193322
2.02527e-05
0.049512
0.0176371
0.0005537
0.0071904
0.0306851
0.0569892
0.0748906
0.0794172
0.0708465
0.0529489
0.0315092
0.0127968
0.00180786
0.000813044
0.0089969
0.0233333
0.0398187
0.0553978
0.0677746
0.0754774
0.0779771
0.0757386
0.0693685
0.0596776
0.0478244
0.0352913
0.023647
0.0136258
0.00605562
0.0014531
1.81762e-06
0.0465665
0.0151949
0.000166932
0.00894849
0.0334243
0.0593643
0.0760628
0.0791358
0.069311
0.0506693
0.0291696
0.0110736
0.00116227
0.0013559
0.0105031
0.0253812
0.0419598
0.0572688
0.0691233
0.0761662
0.0779753
0.075105
0.0682047
0.0581248
0.0460565
0.0334978
0.0220034
0.0122846
0.00513085
0.00101117
5.84907e-05
0.0433667
0.0127324
2.34584e-06
0.0110124
0.0363889
0.0618138
0.0771619
0.0786742
0.0675465
0.0481802
0.0267031
0.00934318
0.000626378
0.00208692
0.0122229
0.0276216
0.0442434
0.0592193
0.070486
0.0768088
0.0778777
0.0743399
0.0668892
0.0564161
0.0441455
0.0315886
0.0202823
0.0109105
0.00421938
0.000625434
0.000207116
0.0399267
0.0103014
0.000112587
0.0134033
0.0395662
0.0643053
0.0781511
0.0780017
0.0655366
0.0454838
0.0241304
0.00763867
0.000235085
0.00303292
0.0141696
0.030054
0.0466587
0.0612317
0.0718418
0.077384
0.077665
0.073428
0.0654114
0.0545475
0.0420935
0.0295725
0.0184975
0.00952093
0.00334054
0.000315156
0.000465294
0.0362698
0.00796168
0.000551118
0.0161372
0.042937
0.066802
0.0789915
0.0770884
0.0632678
0.0425874
0.0214778
0.00599741
2.51921e-05
0.00422013
0.0163543
0.0326752
0.0491919
0.0632858
0.0731681
0.0778695
0.0773179
0.0723545
0.0637627
0.0525164
0.0399053
0.0274602
0.0166648
0.00813539
0.00251519
0.000100723
0.000851176
0.0324291
0.00578015
0.00137059
0.0192237
0.0464752
0.0692623
0.0796423
0.0759049
0.0607296
0.0395025
0.0187765
0.00446049
3.47589e-05
0.00567348
0.0187852
0.0354785
0.051826
0.065359
0.0744405
0.0782424
0.076817
0.0711051
0.0619351
0.0503222
0.0375871
0.0252648
0.0148026
0.0067752
0.00176577
3.48387e-06
0.00138329
0.02845
0.00383118
0.0026211
0.0226644
0.0501477
0.0716406
0.0800612
0.0744232
0.0579155
0.036247
0.0160636
0.00307286
0.000302428
0.00741579
0.0214669
0.0384535
0.0545408
0.0674262
0.075633
0.0784786
0.0761427
0.0696663
0.059922
0.0479662
0.0351482
0.0230022
0.0129314
0.00546386
0.00111613
4.55227e-05
0.00208019
0.02439
0.0021948
0.00434775
0.0264515
0.0539135
0.0738868
0.0802056
0.0726179
0.054824
0.0328447
0.0133821
0.00188258
0.000866596
0.0094669
0.0243997
0.0415853
0.0573125
0.0694599
0.0767181
0.078554
0.0752759
0.0680258
0.057719
0.045452
0.0326002
0.0206909
0.0110746
0.00422682
0.000591448
0.000249443
0.00296026
0.0203204
0.000955447
0.00658855
0.0305666
0.0577242
0.0759481
0.080033
0.0704673
0.0514601
0.0293272
0.0107811
0.000940376
0.00176442
0.0118427
0.0275793
0.0448552
0.0601144
0.0714306
0.0776676
0.0784442
0.0741987
0.0661731
0.0553242
0.0427867
0.0299582
0.0183523
0.00925778
0.00309142
0.000217899
0.000638054
0.00404138
0.016326
0.000199414
0.00937152
0.0349798
0.0615243
0.0777686
0.0795024
0.0679542
0.0478357
0.0257335
0.00831536
0.000298695
0.00303054
0.0145539
0.0309956
0.0482391
0.0629159
0.0733064
0.0784521
0.0781253
0.0728944
0.0641
0.0527382
0.03998
0.0272402
0.0160112
0.00750941
0.00208668
2.2507e-05
0.00123407
0.00534055
0.012506
1.1987e-05
0.0127124
0.0396492
0.0652513
0.0792911
0.0785752
0.0650673
0.0439709
0.0221113
0.00604503
1.06726e-05
0.00469608
0.0176059
0.0346329
0.051709
0.0656837
0.0750543
0.0790425
0.0775743
0.0713482
0.0618007
0.0499651
0.0370452
0.024468
0.0136952
0.00586018
0.00124318
3.27189e-05
0.00205969
0.00687343
0.0089715
0.000473871
0.0166119
0.0445205
0.0688369
0.0804578
0.0772168
0.0618026
0.0398952
0.0185163
0.00403515
0.00012876
0.00678699
0.0209968
0.0384691
0.0552316
0.0683816
0.0766398
0.0794093
0.0767695
0.0695471
0.0592723
0.0470121
0.0339998
0.0216673
0.0114354
0.00434303
0.000592605
0.000276083
0.00313624
0.0086541
0.00584524
0.00165697
0.0210537
0.0495272
0.0722083
0.0812121
0.0753977
0.0581645
0.0356478
0.0150134
0.00235452
0.000703152
0.00932282
0.0247173
0.042476
0.05877
0.0709711
0.0780279
0.0795241
0.0756908
0.0674815
0.0565158
0.0438911
0.030865
0.0188671
0.00926573
0.00299315
0.000167595
0.000779782
0.00448361
0.0106946
0.00325741
0.00361994
0.0260031
0.0545915
0.0752892
0.0814995
0.0730948
0.0541671
0.0312792
0.0116754
0.00107419
0.00177995
0.0123153
0.0287503
0.0466187
0.0622827
0.0734118
0.0791834
0.0793597
0.074321
0.0651449
0.0535358
0.0406175
0.0276665
0.0161006
0.00722331
0.00184735
1.16595e-06
0.00157021
0.00611999
0.0130044
0.0013421
0.00640336
0.0314053
0.059626
0.0780021
0.0812701
0.0702934
0.049836
0.0268512
0.00858313
0.000266107
0.00339925
0.0157672
0.0330697
0.0508563
0.0657252
0.0756621
0.0800718
0.0788907
0.0726454
0.0625345
0.0503416
0.037212
0.0244348
0.013405
0.00534793
0.000943979
0.000126282
0.00267232
0.00806109
0.0155903
0.000231627
0.0100253
0.0371861
0.0645347
0.0802699
0.0804793
0.0669887
0.0452085
0.0224374
0.00582404
6.69127e-07
0.00559314
0.0196706
0.0376407
0.0551423
0.0690499
0.0776802
0.0806597
0.0780944
0.0706531
0.0596518
0.046947
0.0337
0.0212047
0.0108213
0.00368206
0.000322291
0.000575267
0.0041091
0.0103199
0.0184556
4.99062e-05
0.0144771
0.0432521
0.0692157
0.0820178
0.0790902
0.0631869
0.040336
0.0181234
0.00349092
0.000344459
0.00838352
0.0240066
0.04242
0.059425
0.0722076
0.0794242
0.0809158
0.0769511
0.0683373
0.0565032
0.0433712
0.0301123
0.0180159
0.00839414
0.00227023
2.19118e-05
0.00137918
0.00590108
0.012906
0.0216002
0.000904758
0.0197205
0.0494928
0.0735643
0.0831759
0.0770753
0.0589067
0.0352838
0.0140065
0.00167959
0.00135741
0.01178
0.0287446
0.0473561
0.0636485
0.0751481
0.080854
0.0808115
0.075445
0.0656954
0.0531002
0.0396388
0.026485
0.0149128
0.0061717
0.00115872
8.22716e-05
0.00256712
0.00806548
0.0158251
0.0250202
0.00287958
0.0256858
0.0557834
0.0774754
0.0836809
0.0744177
0.0541818
0.030133
0.0101946
0.000486542
0.00308974
0.0157785
0.0338418
0.05239
0.0677541
0.077821
0.081931
0.0803213
0.0735642
0.0627301
0.0494597
0.03578
0.0228598
0.011945
0.00420537
0.000394952
0.000541787
0.00416541
0.0106157
0.0190788
0.0287072
0.0060248
0.0322718
0.0619888
0.0808467
0.0834785
0.0711137
0.0490612
0.0249803
0.00680513
5.62157e-06
0.00557888
0.0203594
0.0392439
0.0574567
0.0716814
0.0801774
0.0826199
0.0794242
0.0713024
0.0594496
0.0456048
0.0318317
0.0192842
0.00916643
0.00254944
2.66759e-05
0.00143708
0.00619695
0.0135608
0.022664
0.0326491
0.0103504
0.039348
0.067967
0.0835817
0.0825254
0.0671734
0.0436112
0.0199387
0.00396276
0.00032401
0.00884631
0.0254869
0.0448855
0.062486
0.075369
0.0821705
0.0828889
0.078103
0.0686574
0.0558677
0.0415646
0.0278369
0.0158118
0.00663546
0.00126014
0.000101249
0.00280197
0.00868019
0.0169046
0.0265727
0.0368293
0.0158198
0.0467581
0.0735747
0.0855925
0.0807902
0.0626227
0.0379164
0.0151371
0.00179637
0.00151801
0.0128949
0.0311091
0.0506924
0.0674051
0.0787572
0.0837567
0.0827108
0.0763464
0.0656336
0.0520043
0.0373752
0.0238453
0.0125021
0.00441483
0.000395371
0.000664578
0.00466651
0.0116285
0.0206457
0.030792
0.0412272
0.0223468
0.0543262
0.078672
0.0868025
0.0782563
0.0575054
0.0320818
0.0107196
0.000434932
0.00364819
0.0177065
0.037158
0.0565818
0.0721394
0.0817884
0.084897
0.0820634
0.0741481
0.0622406
0.0478862
0.0330796
0.0199138
0.0094206
0.00257078
1.34582e-05
0.00175997
0.00705605
0.0150493
0.0247766
0.0353037
0.0458184
0.0297959
0.0618634
0.0831265
0.0871484
0.0749222
0.051884
0.0262335
0.00684389
2.4055e-06
0.00675474
0.023241
0.0435513
0.0624665
0.0766155
0.0844089
0.0855569
0.0809295
0.0715075
0.0584946
0.0435469
0.0287289
0.0161068
0.00663871
0.00117271
0.00017214
0.00342685
0.00998981
0.0189435
0.0292839
0.0400849
0.0505751
0.037986
0.069176
0.0868177
0.0865816
0.0708032
0.0458425
0.0205199
0.00367768
0.000611445
0.0108529
0.0294353
0.0501948
0.0682557
0.0807623
0.08657
0.0857077
0.0792979
0.0684297
0.0544183
0.0390278
0.0243818
0.0124966
0.00423346
0.000291931
0.000927125
0.00569951
0.0134803
0.023305
0.034148
0.0451084
0.0554667
0.0466989
0.0760731
0.0896403
0.0850693
0.065933
0.0394881
0.015112
0.00139455
0.00235631
0.0159296
0.0362055
0.056985
0.0738593
0.0845134
0.0882286
0.0853265
0.0771629
0.0649259
0.0500411
0.0343784
0.0201067
0.0091634
0.00228703
5.62088e-07
0.00233049
0.00860531
0.0175321
0.0281202
0.0393436
0.0503426
0.0604603
0.0556904
0.0823748
0.0915057
0.0825954
0.0603651
0.0329549
0.0102034
0.000166773
0.00530538
0.0219408
0.043448
0.0638126
0.0791894
0.0878084
0.0893481
0.0843964
0.0745244
0.0610135
0.0454005
0.0296576
0.0159814
0.00619556
0.000885778
0.000369784
0.00442883
0.0121637
0.0221412
0.0333683
0.04484
0.055753
0.065522
0.0647028
0.0879168
0.0923444
0.0791607
0.0541753
0.0264067
0.00600766
0.000156871
0.00949413
0.0288118
0.0510443
0.0705671
0.0841635
0.0905935
0.0898986
0.0829057
0.0713878
0.0567164
0.0405422
0.0249348
0.0120946
0.00368931
0.000118834
0.00146782
0.00726135
0.0163847
0.0272949
0.0390216
0.0506018
0.0613031
0.0706175
0.0734793
0.0925568
0.0921045
0.074784
0.0474662
0.0200391
0.00275305
0.00150687
0.0149192
0.0364385
0.0588651
0.0771398
0.0887063
0.0928232
0.0898567
0.0808487
0.0677641
0.0520661
0.0355225
0.0202917
0.00854625
0.00174816
7.62083e-05
0.00335746
0.0108577
0.0212679
0.0329712
0.0450455
0.0565903
0.0669548
0.0757133
0.0817759
0.0961755
0.0907523
0.0695025
0.0403708
0.014083
0.00067496
0.00432675
0.0215346
0.0446913
0.0667757
0.083428
0.0927513
0.0944593
0.089204
0.0782237
0.0636696
0.047102
0.030409
0.0158236
0.00544777
0.000481283
0.000846144
0.00609351
0.0152364
0.0268019
0.0391395
0.0514005
0.0627643
0.0726705
0.0807773
0.0893717
0.0986776
0.0882704
0.0633756
0.0330599
0.00880341
3.34423e-06
0.00868273
0.0292516
0.0534217
0.0746423
0.0893376
0.0962416
0.0954708
0.0879281
0.0750341
0.0591277
0.0418744
0.0252844
0.0116407
0.00292182
1.31256e-06
0.00251199
0.00971976
0.0204034
0.0329643
0.0457619
0.0580429
0.0690818
0.0784137
0.0857805
0.0960763
0.0999897
0.0846567
0.0564895
0.0257485
0.00449566
0.000947216
0.0145878
0.0379414
0.062469
0.0823367
0.0947859
0.0991297
0.0958331
0.0860193
0.0712871
0.054169
0.0364463
0.0202472
0.00786995
0.00110115
0.000421267
0.00514854
0.0142667
0.0263505
0.039722
0.0527936
0.0649267
0.0755014
0.0841506
0.0906969
0.101732
0.100058
0.0799252
0.0489644
0.0187025
0.00147604
0.0036763
0.0219962
0.0474417
0.0716693
0.0897411
0.0997021
0.101377
0.0955261
0.083472
0.0669948
0.0488341
0.0308968
0.0154165
0.00465476
0.000125793
0.00185028
0.00881819
0.0197489
0.0330559
0.0470324
0.0601857
0.0720055
0.081984
0.0898509
0.0955049
0.106213
0.0988429
0.0741076
0.0409649
0.0122429
6.51911e-05
0.00830277
0.0308019
0.0575667
0.0808628
0.0967519
0.104028
0.102951
0.0945325
0.0802814
0.0621756
0.0431771
0.0253253
0.0109331
0.00215469
0.000139467
0.00438863
0.0135668
0.0261639
0.0404844
0.0548455
0.0678866
0.0792337
0.0884936
0.0954887
0.100187
0.109423
0.0963174
0.0672597
0.0327139
0.00674471
0.000565288
0.0148651
0.0408446
0.0681186
0.0899014
0.103281
0.107715
0.103825
0.0928362
0.0764464
0.0568563
0.0372695
0.0198558
0.00696201
0.000542868
0.00128392
0.00812233
0.0194212
0.0334917
0.0485893
0.0631062
0.0758449
0.0865696
0.0949997
0.101043
0.104731
0.111285
0.0924639
0.0594721
0.0245054
0.00262647
0.00323147
0.0233195
0.05192
0.0788994
0.0986544
0.109256
0.110725
0.103974
0.090421
0.0719687
0.0510769
0.0312068
0.0146415
0.00369204
1.20824e-06
0.00369244
0.0131178
0.0263864
0.0416952
0.0573144
0.071757
0.0840118
0.0939765
0.101477
0.1065
0.109127
0.111738
0.087275
0.0508849
0.0167161
0.000329776
0.00824274
0.0335379
0.0637967
0.0897222
0.107011
0.114618
0.113023
0.103372
0.0872695
0.0668561
0.0448956
0.0251137
0.00986767
0.00133395
0.000713763
0.00748205
0.0194172
0.0344447
0.0507226
0.0665976
0.0807412
0.0923427
0.101423
0.107907
0.111847
0.113372
0.110724
0.0807609
0.0417091
0.00981128
0.000285535
0.0156762
0.0453191
0.0762318
0.10042
0.114881
0.119323
0.114578
0.101991
0.0833644
0.0611277
0.038397
0.0191517
0.00575419
0.00011545
0.00285778
0.0127464
0.0270354
0.0435574
0.0605115
0.0763746
0.0900062
0.1008
0.108887
0.114278
0.117081
0.117462
0.108189
0.0729611
0.0322504
0.00433571
0.00287071
0.0254925
0.058405
0.08899
0.110853
0.122194
0.123328
0.115356
0.0997962
0.0786909
0.0548191
0.0316991
0.0135244
0.00255348
0.000272735
0.0065933
0.0195485
0.0359584
0.0536674
0.0709911
0.086583
0.0995053
0.109354
0.116352
0.120581
0.122199
0.121398
0.104077
0.0639666
0.0229321
0.000888633
0.00836152
0.0375354
0.0725062
0.101857
0.120907
0.128896
0.126597
0.115315
0.0967514
0.0732414
0.0479932
0.0249651
0.00848241
0.00054623
0.00203895
0.0120523
0.0279166
0.0461451
0.064703
0.0820894
0.0971654
0.109201
0.117985
0.123808
0.126817
0.127202
0.125178
0.0983382
0.0539477
0.0143112
7.71447e-05
0.0168935
0.0515486
0.0873279
0.11465
0.130494
0.13494
0.12909
0.114409
0.0928162
0.067022
0.0407495
0.0184107
0.00432277
3.10543e-05
0.00563012
0.0193293
0.0378424
0.0575313
0.0765849
0.0937375
0.108073
0.119066
0.126679
0.131255
0.132986
0.13209
0.128799
0.0909402
0.0431897
0.00707788
0.00245168
0.0284371
0.0672044
0.102593
0.127224
0.13955
0.140286
0.130757
0.112581
0.0879523
0.0600637
0.0332377
0.0123131
0.00138587
0.00131005
0.01123
0.0284741
0.0492821
0.0700351
0.0892314
0.105873
0.11927
0.129082
0.135433
0.138694
0.139092
0.136865
0.132256
0.0818959
0.0321337
0.00202872
0.00843316
0.0427998
0.0841419
0.118062
0.139467
0.148025
0.14489
0.131539
0.109765
0.0821307
0.0524344
0.025671
0.00701321
4.32804e-05
0.00467005
0.0189761
0.0394891
0.0621632
0.0835654
0.102566
0.118446
0.130729
0.139244
0.144252
0.146133
0.145139
0.141524
0.135539
0.0712948
0.0214084
7.03892e-06
0.0182477
0.0596523
0.102004
0.133541
0.1513
0.155876
0.148698
0.131364
0.105893
0.0753419
0.044255
0.018338
0.00291419
0.000680788
0.0103618
0.0289492
0.0523308
0.0763915
0.0980307
0.116522
0.13142
0.142439
0.149553
0.153142
0.153578
0.15113
0.14606
0.138631
0.0593539
0.0118479
0.00181014
0.0318892
0.0785762
0.120471
0.148883
0.162667
0.163058
0.151647
0.130146
0.100898
0.0676093
0.0357166
0.0116118
0.00047093
0.00367393
0.01858
0.0411679
0.0669173
0.0918614
0.113345
0.131048
0.144774
0.1544
0.160019
0.162115
0.161036
0.157062
0.150462
0.141509
0.0464708
0.00447343
0.00807772
0.0491211
0.09912
0.139276
0.163987
0.173525
0.169521
0.153654
0.127791
0.0947247
0.0590065
0.0270975
0.00595185
0.000169149
0.0093596
0.0294466
0.0555909
0.083139
0.108467
0.129437
0.146108
0.1585
0.16662
0.170658
0.171184
0.168513
0.16293
0.154712
0.144144
0.0332813
0.000427911
0.0191876
0.0695201
0.120854
0.158219
0.178787
0.183832
0.1752
0.154623
0.124197
0.0873434
0.049678
0.0187796
0.00189815
0.00249572
0.0180079
0.0430042
0.0721259
0.100872
0.126113
0.146252
0.161686
0.172605
0.179117
0.181485
0.180359
0.176007
0.16872
0.158783
0.146498
0.020709
0.000853641
0.0351911
0.0925485
0.143406
0.17716
0.193236
0.193546
0.180016
0.154441
0.119267
0.0787648
0.0398614
0.0112587
5.01091e-05
0.00790142
0.0297987
0.0592154
0.0906439
0.119992
0.14472
0.163758
0.177781
0.187107
0.191913
0.192519
0.189648
0.183515
0.174415
0.162645
0.14853
0.00997298
0.00672945
0.0558106
0.117639
0.166487
0.196011
0.2073
0.202611
0.183871
0.152987
0.112918
0.0690635
0.0299095
0.00514527
0.00103367
0.016761
0.0448075
0.0779753
0.110997
0.140388
0.164231
0.181942
0.194407
0.202029
0.205032
0.203775
0.199055
0.191027
0.179992
0.166261
0.150191
0.00254493
0.0187016
0.0805054
0.144267
0.18989
0.214719
0.220947
0.210959
0.186655
0.150135
0.105093
0.058399
0.0203119
0.00114998
0.00545413
0.0293385
0.0630054
0.0991294
0.133036
0.161969
0.184614
0.200809
0.211588
0.217402
0.218498
0.215268
0.208582
0.19853
0.185421
0.16959
0.15143
1.50317e-05
0.0369664
0.10858
0.171999
0.213483
0.233253
0.234137
0.218508
0.188242
0.145761
0.0957803
0.0470453
0.0117078
5.22905e-05
0.0138422
0.0457646
0.0842722
0.122497
0.156626
0.184671
0.205859
0.22038
0.229356
0.233258
0.232334
0.227008
0.218224
0.206006
0.190673
0.172588
0.152196
0.00387765
0.0612429
0.139308
0.200508
0.23719
0.25159
0.246825
0.225165
0.188505
0.139756
0.0850369
0.0354216
0.00488587
0.0026474
0.0266015
0.0660308
0.108421
0.147895
0.181658
0.208455
0.227974
0.240683
0.247747
0.249626
0.246563
0.239004
0.22798
0.213439
0.195717
0.175213
0.152436
0.0152702
0.0908594
0.172034
0.229578
0.260971
0.269712
0.258954
0.23083
0.187311
0.132036
0.0730111
0.0241159
0.000763346
0.0096778
0.0439685
0.0900038
0.135227
0.175156
0.208053
0.233309
0.250981
0.261757
0.266799
0.266541
0.261207
0.251268
0.237847
0.220812
0.200523
0.177423
0.152103
0.0347453
0.124913
0.206227
0.259074
0.284807
0.287595
0.270469
0.235401
0.184535
0.122554
0.0599767
0.0139089
0.000340119
0.0217579
0.0659941
0.117456
0.164459
0.204142
0.235759
0.259237
0.274911
0.283637
0.286549
0.284032
0.276289
0.263813
0.247827
0.228117
0.205067
0.179182
0.151151
0.0621687
0.162448
0.2415
0.288919
0.308689
0.305219
0.281313
0.238782
0.180064
0.111324
0.0463667
0.00577707
0.00462292
0.0393062
0.0925553
0.148107
0.195904
0.234748
0.264751
0.286256
0.299798
0.306364
0.307034
0.302135
0.291838
0.276661
0.257933
0.235351
0.209336
0.180462
0.149546
0.0967892
0.202599
0.277594
0.319074
0.332613
0.32257
0.291444
0.240885
0.173804
0.0984355
0.0328101
0.000870578
0.0145286
0.0625028
0.123386
0.181655
0.229376
0.266894
0.295016
0.314384
0.325673
0.329975
0.328294
0.32089
0.307894
0.289845
0.26819
0.242529
0.213325
0.181242
0.147259
0.137445
0.244671
0.314339
0.349518
0.356584
0.339646
0.300834
0.241637
0.165684
0.0840888
0.0201674
0.000457894
0.0307793
0.0912818
0.158132
0.217816
0.264725
0.300526
0.326549
0.343639
0.352566
0.354508
0.350375
0.340347
0.324509
0.303417
0.278642
0.249681
0.217046
0.181518
0.144273
0.182843
0.288145
0.351625
0.380238
0.380617
0.356473
0.309481
0.240985
0.155671
0.0686228
0.00955022
0.00582807
0.0538175
0.125364
0.196396
0.256333
0.301827
0.335597
0.359342
0.374035
0.380505
0.380002
0.373329
0.360571
0.341756
0.317451
0.289358
0.25686
0.220532
0.181296
0.140585
0.231762
0.332649
0.38937
0.411232
0.404753
0.373108
0.31742
0.238899
0.143777
0.0525638
0.00232038
0.0181594
0.0837526
0.164311
0.237783
0.296984
0.340574
0.372056
0.393372
0.405569
0.40951
0.406501
0.39722
0.381646
0.359733
0.33205
0.300433
0.264146
0.223836
0.180603
0.136203
0.283198
0.377914
0.427505
0.442511
0.429062
0.389649
0.324722
0.235376
0.13007
0.0366648
4.34478e-05
0.0383754
0.120375
0.207607
0.281927
0.339567
0.380853
0.409837
0.428605
0.438236
0.439604
0.434057
0.422132
0.403681
0.37857
0.347354
0.312005
0.271657
0.227043
0.179483
0.13115
0.33636
0.423714
0.465963
0.474105
0.453655
0.406249
0.331508
0.230443
0.114695
0.0219632
0.00439269
0.0670182
0.163205
0.254702
0.328486
0.383883
0.422535
0.448848
0.464981
0.472012
0.470806
0.462731
0.448164
0.426812
0.39843
0.363543
0.324253
0.279549
0.230268
0.178006
0.125468
0.39064
0.469843
0.504682
0.506068
0.478688
0.423121
0.337955
0.224157
0.0978938
0.00981547
0.0169924
0.104184
0.21159
0.305062
0.377132
0.429715
0.465455
0.488965
0.502419
0.506865
0.503133
0.492591
0.475435
0.451206
0.41952
0.380847
0.337407
0.288032
0.233672
0.176267
0.11921
0.445532
0.516088
0.5436
0.538483
0.504367
0.440546
0.34431
0.216613
0.0800326
0.00192248
0.0392226
0.149528
0.264788
0.358176
0.42753
0.47681
0.50941
0.530031
0.540813
0.542745
0.536599
0.523715
0.504085
0.477062
0.442094
0.399555
0.351768
0.29738
0.237466
0.174394
0.112449
0.500567
0.562226
0.582665
0.571455
0.53095
0.458886
0.350903
0.207946
0.0616467
0.000308598
0.0720188
0.202353
0.322032
0.413527
0.479302
0.524857
0.554143
0.571844
0.580023
0.579583
0.571209
0.556178
0.534266
0.504609
0.466449
0.420019
0.367707
0.307944
0.241929
0.172555
0.105275
0.555284
0.608018
0.621822
0.605109
0.558743
0.478592
0.358168
0.198337
0.0434854
0.00723224
0.115734
0.261727
0.382561
0.470582
0.532013
0.573489
0.599348
0.614163
0.619878
0.617281
0.606944
0.590049
0.566135
0.534102
0.492935
0.442666
0.385695
0.32018
0.247428
0.170969
0.0977935
0.609193
0.653211
0.661003
0.639568
0.588088
0.500213
0.366669
0.188011
0.0265848
0.025015
0.170096
0.326599
0.445599
0.528738
0.585151
0.622268
0.644659
0.656696
0.660159
0.655699
0.643752
0.625366
0.599838
0.565803
0.521942
0.468002
0.406309
0.334669
0.254446
0.169923
0.0901284
0.661789
0.697528
0.70011
0.674932
0.619349
0.524408
0.377144
0.177258
0.0123565
0.0557864
0.234287
0.395865
0.510319
0.587303
0.638123
0.670692
0.689657
0.699097
0.700594
0.694643
0.681523
0.662121
0.635486
0.59997
0.553892
0.496614
0.430264
0.352169
0.263634
0.169804
0.0824227
0.712547
0.740658
0.738993
0.711245
0.652881
0.551945
0.390568
0.16644
0.00271228
0.101192
0.307088
0.468372
0.575794
0.64549
0.690261
0.718202
0.73387
0.740964
0.740842
0.733837
0.720067
0.700222
0.673117
0.63681
0.58921
0.529162
0.458419
0.373645
0.275868
0.171135
0.0748337
0.760922
0.782247
0.777415
0.748446
0.688971
0.583691
0.408227
0.156016
0.000227788
0.162128
0.387035
0.542868
0.640968
0.702408
0.740828
0.76418
0.77676
0.781821
0.780479
0.772911
0.759072
0.739449
0.712645
0.676435
0.628272
0.56635
0.491803
0.400356
0.292366
0.174675
0.067552
0.80637
0.821881
0.815026
0.786314
0.727769
0.620564
0.431833
0.146581
0.00835424
0.238611
0.472475
0.617915
0.704637
0.75709
0.789047
0.80797
0.817744
0.821125
0.818988
0.81137
0.798087
0.779413
0.753798
0.718774
0.671324
0.608861
0.531586
0.433902
0.314829
0.181538
0.0607914
0.848334
0.859071
0.851333
0.824406
0.769158
0.663427
0.463676
0.138974
0.0316906
0.329799
0.561493
0.691835
0.765476
0.808521
0.834109
0.848885
0.856193
0.858266
0.855754
0.848584
0.836471
0.819497
0.796035
0.763461
0.718341
0.657223
0.579019
0.476306
0.34569
0.193479
0.0548309
0.886248
0.89326
0.885679
0.861988
0.812598
0.712852
0.506759
0.134475
0.076287
0.43407
0.651726
0.762666
0.822063
0.85568
0.875206
0.886222
0.891436
0.892565
0.890061
0.883782
0.87339
0.858816
0.838462
0.809697
0.768823
0.711557
0.635214
0.529973
0.388414
0.21338
0.0500526
0.919555
0.923819
0.917246
0.897992
0.856931
0.768692
0.564833
0.135321
0.149878
0.548897
0.740111
0.828216
0.872974
0.897563
0.911557
0.919286
0.92279
0.923303
0.921116
0.916063
0.907806
0.896184
0.879761
0.856097
0.821512
0.771169
0.700697
0.597472
0.447902
0.24627
0.0471015
0.947714
0.950079
0.945086
0.93101
0.900197
0.829371
0.641908
0.146089
0.261798
0.670106
0.822724
0.886141
0.916823
0.933246
0.942433
0.947414
0.949582
0.949749
0.948081
0.944433
0.938516
0.930145
0.918169
0.900567
0.874089
0.83392
0.774461
0.680633
0.530615
0.301306
0.0472893
0.970222
0.971375
0.968181
0.959371
0.939577
0.890913
0.74014
0.177949
0.421925
0.790252
0.894832
0.934137
0.952366
0.961917
0.967185
0.969998
0.97118
0.971195
0.970129
0.967873
0.964231
0.95905
0.951552
0.94033
0.922971
0.895529
0.852422
0.778218
0.643337
0.39556
0.0540933
0.986645
0.987096
0.985543
0.981308
0.971582
0.946206
0.853553
0.264314
0.635518
0.896817
0.951346
0.970127
0.978555
0.982903
0.985276
0.986528
0.98704
0.98702
0.986501
0.98543
0.983701
0.98123
0.977621
0.972136
0.963454
0.949224
0.925585
0.881032
0.786394
0.558646
0.0802688
0.996643
0.996747
0.996336
0.995225
0.992636
0.985597
0.956176
0.521939
0.874623
0.972387
0.987527
0.992438
0.994597
0.995698
0.996298
0.996611
0.996737
0.996728
0.996591
0.996312
0.995862
0.995217
0.994269
0.992814
0.990474
0.986537
0.979727
0.965914
0.93181
0.814426
0.204272
1
1
1
1
1
1
nan
1
1
1
1
1
1
1
1
1
1
1
1
1
1
1
1
1
1
1
1
1
1
1
1
