0.933779
0.964716
0.992062
0.999579
0.985147
0.959376
0.935513
0.922196
0.92225
0.934124
0.953445
0.974368
0.991075
0.999408
0.997988
0.988231
0.973536
0.957251
0.942271
0.93078
0.924019
0.922143
0.924864
0.931653
0.941596
0.953365
0.965374
0.976788
0.986591
0.994
0.998528
0.933865
0.964828
0.992129
0.999563
0.985064
0.959275
0.935437
0.922169
0.922276
0.934191
0.953533
0.974452
0.991132
0.999423
0.997961
0.988171
0.973459
0.957173
0.942204
0.930733
0.923997
0.922146
0.92489
0.931698
0.941656
0.953432
0.965441
0.976849
0.986641
0.994036
0.998546
0.934124
0.965164
0.99233
0.999513
0.984813
0.95897
0.935211
0.92209
0.922354
0.934395
0.953799
0.974704
0.991301
0.999467
0.997877
0.98799
0.973227
0.956939
0.942004
0.930594
0.923931
0.922155
0.924968
0.931834
0.941833
0.953632
0.965644
0.977035
0.986794
0.994143
0.9986
0.93456
0.965722
0.992659
0.999423
0.984393
0.958463
0.934836
0.921961
0.922489
0.934736
0.954244
0.975124
0.99158
0.999538
0.997734
0.987685
0.972841
0.956548
0.941672
0.930364
0.923825
0.922172
0.925099
0.932061
0.94213
0.953966
0.96598
0.977343
0.987046
0.994318
0.998686
0.935178
0.966502
0.993109
0.999284
0.983797
0.957754
0.934318
0.92179
0.922685
0.93522
0.954866
0.975708
0.991964
0.999628
0.997527
0.987254
0.972298
0.956002
0.941212
0.930048
0.92368
0.922201
0.925288
0.932384
0.942548
0.954434
0.966451
0.977772
0.987395
0.994559
0.998803
0.935986
0.967501
0.993668
0.999084
0.98302
0.956846
0.933663
0.921585
0.922951
0.93585
0.955669
0.976452
0.992446
0.999729
0.997248
0.986692
0.971598
0.955303
0.940625
0.929648
0.923503
0.922247
0.925539
0.932804
0.943089
0.955036
0.967055
0.97832
0.987838
0.994862
0.998945
0.936992
0.968715
0.994321
0.998807
0.982054
0.95574
0.932881
0.921358
0.923296
0.936633
0.956652
0.977352
0.993016
0.999831
0.996888
0.985993
0.970738
0.954452
0.939917
0.929172
0.923301
0.922316
0.925856
0.933327
0.943756
0.955774
0.96779
0.978983
0.988371
0.995221
0.999107
0.938208
0.970138
0.99505
0.998434
0.980891
0.954439
0.931982
0.921121
0.923734
0.937577
0.957815
0.978401
0.993662
0.99992
0.996436
0.98515
0.969718
0.953451
0.939094
0.928627
0.92308
0.922417
0.926248
0.933956
0.94455
0.956647
0.968654
0.979758
0.988987
0.995629
0.999281
0.939643
0.971761
0.995832
0.997943
0.979521
0.95295
0.930981
0.920892
0.924276
0.938688
0.959159
0.979592
0.994372
0.999982
0.995879
0.984157
0.968535
0.952306
0.938162
0.928023
0.922852
0.922557
0.926721
0.934698
0.945476
0.957656
0.969646
0.980638
0.989679
0.996077
0.999458
0.941311
0.973575
0.99664
0.99731
0.977937
0.951279
0.929894
0.920688
0.92494
0.939977
0.960683
0.980912
0.995128
0.999999
0.995204
0.983005
0.967188
0.951019
0.93713
0.927368
0.922627
0.922749
0.927284
0.935559
0.946536
0.958801
0.970761
0.981619
0.990439
0.996557
0.999628
0.943221
0.975564
0.997443
0.996509
0.97613
0.949436
0.92874
0.920531
0.925741
0.94145
0.962383
0.982351
0.995911
0.99995
0.994395
0.981687
0.965678
0.949597
0.936007
0.926677
0.922417
0.923002
0.927946
0.936545
0.947734
0.960081
0.971995
0.982693
0.991258
0.997057
0.99978
0.945383
0.977709
0.998205
0.99551
0.974092
0.947432
0.92754
0.920444
0.926698
0.943115
0.964256
0.983892
0.9967
0.999814
0.993436
0.980196
0.964005
0.948047
0.934807
0.925962
0.922236
0.923329
0.928717
0.937664
0.949072
0.961493
0.973343
0.98385
0.992124
0.997565
0.999902
0.947804
0.979985
0.998888
0.994287
0.971821
0.945284
0.926321
0.920452
0.927829
0.94498
0.966295
0.985516
0.99747
0.999568
0.992311
0.978524
0.962172
0.946379
0.933541
0.925238
0.922099
0.923744
0.929609
0.938921
0.950552
0.963037
0.974799
0.985081
0.993024
0.998067
0.99998
0.950488
0.982363
0.999446
0.99281
0.969315
0.943011
0.925109
0.920583
0.929154
0.947051
0.968491
0.987203
0.998192
0.999187
0.991003
0.976667
0.960181
0.944602
0.932225
0.924523
0.922023
0.924261
0.930632
0.940322
0.952176
0.964709
0.976353
0.986374
0.993944
0.998547
0.999998
0.953433
0.984805
0.999833
0.991051
0.966576
0.940636
0.923937
0.920864
0.930689
0.949331
0.97083
0.988926
0.998838
0.998644
0.989497
0.974619
0.95804
0.942731
0.930877
0.923834
0.922025
0.924895
0.931795
0.941875
0.953943
0.966502
0.977997
0.987715
0.994869
0.998989
0.999942
0.956633
0.987268
0.999998
0.988988
0.963611
0.938186
0.922838
0.921326
0.932454
0.95182
0.973297
0.990657
0.999374
0.997913
0.987777
0.972378
0.955757
0.940781
0.929514
0.923191
0.922122
0.92566
0.933111
0.943584
0.955855
0.968411
0.979718
0.98909
0.995781
0.999375
0.999793
0.960073
0.989699
0.999887
0.986597
0.960434
0.935695
0.921849
0.921998
0.934463
0.954516
0.97587
0.992361
0.999765
0.996967
0.98583
0.969946
0.953341
0.938768
0.928158
0.922616
0.922335
0.926572
0.934589
0.945453
0.957906
0.970428
0.981503
0.990479
0.996659
0.999685
0.999535
0.96373
0.992038
0.999449
0.983863
0.957063
0.933198
0.921008
0.922912
0.936732
0.957413
0.978522
0.994003
0.999975
0.99578
0.983646
0.967325
0.950808
0.936714
0.926832
0.92213
0.922682
0.927646
0.936237
0.947484
0.960095
0.97254
0.983335
0.991865
0.997485
0.999899
0.999149
0.967571
0.99422
0.998629
0.980776
0.953525
0.930738
0.920358
0.924095
0.93927
0.960497
0.981224
0.995539
0.999965
0.994327
0.981215
0.964521
0.948174
0.934641
0.925559
0.921758
0.923183
0.928895
0.938065
0.949678
0.962413
0.974735
0.985197
0.993225
0.998234
0.999997
0.998617
0.97155
0.996169
0.997379
0.977336
0.949852
0.928359
0.919939
0.925577
0.942084
0.963753
0.983936
0.996927
0.999698
0.992584
0.978533
0.961547
0.945459
0.932574
0.924367
0.921521
0.923857
0.930334
0.940078
0.952034
0.964852
0.976998
0.987069
0.994536
0.998884
0.999954
0.99792
0.97561
0.997805
0.995652
0.973549
0.946087
0.926113
0.919794
0.927382
0.945176
0.967155
0.986618
0.998117
0.999133
0.990533
0.9756
0.958415
0.942688
0.93054
0.923282
0.921446
0.924724
0.931974
0.942281
0.954548
0.9674
0.979309
0.988925
0.995773
0.999409
0.999751
0.99704
0.97968
0.999045
0.993411
0.969433
0.942276
0.924052
0.919967
0.929533
0.94854
0.970673
0.989219
0.99906
0.998236
0.988157
0.972421
0.955145
0.939886
0.928569
0.922332
0.921556
0.925801
0.933827
0.944676
0.957213
0.970042
0.981648
0.990742
0.996909
0.999782
0.999362
0.995959
0.983674
0.999801
0.990628
0.96502
0.938476
0.922231
0.920498
0.932046
0.952164
0.974266
0.991685
0.999701
0.996969
0.985446
0.969004
0.951761
0.937084
0.926694
0.921548
0.921875
0.927106
0.9359
0.947262
0.96002
0.97276
0.983989
0.992491
0.997913
0.999977
0.998766
0.994659
0.987494
0.999988
0.987288
0.960351
0.934749
0.920709
0.921425
0.934933
0.956029
0.977889
0.993955
0.999989
0.995304
0.982394
0.965367
0.948291
0.934316
0.924946
0.920958
0.922426
0.928652
0.938199
0.950035
0.962955
0.975532
0.986305
0.99414
0.998757
0.999967
0.99794
0.993127
0.991028
0.999526
0.983388
0.95548
0.931163
0.919542
0.922783
0.938197
0.960105
0.981484
0.995965
0.999871
0.993213
0.979003
0.961531
0.944768
0.931618
0.92336
0.920591
0.923231
0.930453
0.940728
0.952988
0.966
0.978333
0.988565
0.995657
0.999407
0.999724
0.996864
0.991346
0.994155
0.998343
0.978946
0.950473
0.927792
0.918788
0.924602
0.941836
0.964352
0.984987
0.997645
0.999297
0.990677
0.975283
0.957524
0.94123
0.929029
0.921972
0.920476
0.924309
0.932518
0.943484
0.956109
0.969135
0.981133
0.990734
0.997007
0.999832
0.99922
0.995516
0.989305
0.996743
0.99638
0.973997
0.945408
0.924711
0.918501
0.926905
0.945833
0.968721
0.988325
0.998926
0.99822
0.987685
0.97125
0.953381
0.937717
0.926588
0.920817
0.92064
0.925679
0.934855
0.946464
0.959382
0.972333
0.983899
0.992777
0.998153
0.999999
0.99843
0.99388
0.986996
0.998658
0.993597
0.968595
0.940374
0.921998
0.91873
0.929707
0.950164
0.973149
0.991417
0.999734
0.996601
0.984233
0.96693
0.949144
0.934275
0.924338
0.919928
0.921109
0.927355
0.937466
0.949658
0.962788
0.975565
0.986595
0.994652
0.999056
0.999874
0.997328
0.991939
0.98441
0.999768
0.989975
0.962814
0.935465
0.91973
0.919521
0.933011
0.954791
0.977563
0.994176
0.999999
0.994407
0.980329
0.962359
0.944858
0.93095
0.92232
0.91934
0.921906
0.929347
0.940348
0.953053
0.9663
0.978795
0.989179
0.996318
0.999678
0.999425
0.995891
0.98968
0.981544
0.99995
0.985523
0.956748
0.930784
0.917982
0.92091
0.936813
0.959664
0.981877
0.996509
0.999656
0.991616
0.975993
0.95758
0.940575
0.927792
0.920576
0.919084
0.923049
0.931663
0.943497
0.956629
0.969888
0.981984
0.991606
0.99773
0.999978
0.998621
0.994099
0.987094
0.9784
0.999095
0.98028
0.950507
0.926436
0.916824
0.922925
0.941093
0.964716
0.985994
0.99832
0.998643
0.98822
0.971255
0.952644
0.936352
0.924852
0.919146
0.919188
0.924555
0.934305
0.9469
0.960361
0.973515
0.985087
0.993828
0.998841
0.999918
0.997433
0.991935
0.984175
0.97498
0.99712
0.974314
0.944217
0.922525
0.916319
0.925582
0.945818
0.969867
0.989805
0.999513
0.99691
0.984221
0.966158
0.94761
0.932246
0.922179
0.918069
0.919679
0.926436
0.93727
0.95054
0.96422
0.97714
0.988055
0.995795
0.999605
0.999458
0.995835
0.989384
0.980921
0.971293
0.993975
0.967728
0.938011
0.919153
0.916521
0.928886
0.950939
0.97502
0.993195
0.999994
0.994421
0.979641
0.960756
0.942543
0.928319
0.919823
0.91738
0.920576
0.928698
0.94055
0.954395
0.968168
0.980716
0.990834
0.997451
0.999973
0.998563
0.993803
0.986439
0.977336
0.967351
0.98965
0.960652
0.932033
0.916418
0.917475
0.932827
0.956389
0.980061
0.996037
0.999676
0.991154
0.974513
0.955114
0.937514
0.924631
0.91783
0.917111
0.921897
0.931343
0.944132
0.958435
0.972163
0.984188
0.993365
0.99874
0.999899
0.997198
0.99132
0.983095
0.973427
0.963171
0.98418
0.953242
0.926425
0.914407
0.91921
0.937377
0.962084
0.984863
0.998204
0.998482
0.987105
0.968891
0.949308
0.932595
0.921243
0.916243
0.917289
0.923654
0.934366
0.947996
0.962625
0.976155
0.987498
0.995585
0.999605
0.999335
0.995333
0.988372
0.979354
0.969208
0.958773
0.977653
0.945674
0.921328
0.913198
0.921744
0.942495
0.967918
0.98928
0.999565
0.996352
0.982293
0.962842
0.943418
0.927861
0.918212
0.915103
0.917937
0.925852
0.937759
0.952114
0.96692
0.980086
0.990579
0.997429
0.999987
0.99824
0.992944
0.984951
0.975223
0.964696
0.954182
0.970204
0.938137
0.916873
0.912852
0.925078
0.948116
0.973767
0.993156
0.999998
0.993245
0.976759
0.956449
0.937534
0.923385
0.915591
0.914443
0.91907
0.928492
0.941505
0.956453
0.971271
0.983893
0.993361
0.998827
0.999828
0.996573
0.99001
0.981057
0.970716
0.959915
0.949425
0.962014
0.930824
0.913182
0.913418
0.929197
0.954158
0.97948
0.996322
0.999389
0.989147
0.970565
0.949805
0.931744
0.919238
0.91343
0.914292
0.920702
0.93157
0.945582
0.960972
0.975618
0.987503
0.995767
0.999708
0.999073
0.9943
0.98652
0.976695
0.965852
0.954892
0.944533
0.953301
0.923927
0.91036
0.914931
0.934067
0.960512
0.984888
0.998605
0.997644
0.98407
0.963795
0.943015
0.926141
0.915487
0.911771
0.914674
0.922837
0.935074
0.949959
0.965622
0.979893
0.990837
0.997713
0.999999
0.99767
0.991395
0.982468
0.97188
0.960656
0.949657
0.93954
0.94431
0.917625
0.908494
0.917405
0.939635
0.967045
0.989797
0.999833
0.994695
0.978059
0.956552
0.936187
0.920811
0.912192
0.910652
0.915604
0.925476
0.938986
0.9546
0.970342
0.984019
0.993804
0.999114
0.99963
0.995571
0.987836
0.977859
0.966632
0.95516
0.944247
0.934478
0.935297
0.912083
0.907656
0.920839
0.945825
0.973593
0.993992
0.999843
0.990506
0.971188
0.948956
0.929433
0.915836
0.909406
0.910101
0.917094
0.928612
0.943284
0.959458
0.975065
0.987905
0.996311
0.999881
0.998532
0.992739
0.983615
0.972705
0.960978
0.949398
0.938697
0.929383
0.926521
0.907443
0.907895
0.925216
0.952534
0.979961
0.997247
0.998493
0.985081
0.963562
0.941135
0.92286
0.911294
0.907177
0.910143
0.919151
0.932236
0.947934
0.964478
0.979708
0.991454
0.998252
0.999924
0.996643
0.989142
0.978732
0.967029
0.954955
0.94341
0.933045
0.924287
0.918224
0.903824
0.909248
0.930498
0.959629
0.985917
0.999325
0.995673
0.978465
0.955309
0.933224
0.916572
0.907249
0.905541
0.910796
0.921776
0.93633
0.952898
0.969591
0.984176
0.994552
0.999519
0.999154
0.993906
0.984764
0.973198
0.96086
0.9486
0.937236
0.927329
0.919223
0.910628
0.901322
0.91173
0.936624
0.96694
0.991197
0.999997
0.991317
0.970748
0.946578
0.925358
0.910662
0.903758
0.904529
0.912072
0.924966
0.940872
0.958126
0.974716
0.988359
0.997078
0.999999
0.997488
0.99028
0.979597
0.967036
0.954238
0.941957
0.930918
0.921586
0.914219
0.903924
0.90001
0.915343
0.94351
0.974251
0.995504
0.999053
0.985412
0.962059
0.937531
0.917663
0.905214
0.90087
0.904167
0.913981
0.928713
0.945831
0.963554
0.979753
0.99213
0.998899
0.999579
0.994851
0.985733
0.97365
0.960278
0.947206
0.935073
0.924499
0.915849
0.909303
0.898268
0.899942
0.920075
0.951036
0.981297
0.998524
0.996324
0.978004
0.952558
0.928331
0.910259
0.900298
0.898623
0.904474
0.916528
0.933005
0.951166
0.969103
0.984583
0.995345
0.999874
0.99815
0.991182
0.980251
0.966944
0.952968
0.939814
0.927995
0.918016
0.910149
0.904495
0.893787
0.901157
0.925892
0.959035
0.987757
0.999935
0.991697
0.969198
0.942433
0.919137
0.903248
0.895972
0.897049
0.905467
0.919719
0.937824
0.956823
0.974675
0.989067
0.997845
0.999861
0.995611
0.986433
0.973836
0.959516
0.945154
0.932113
0.920766
0.911506
0.904511
0.899813
0.890577
0.903683
0.93274
0.967286
0.993255
0.999435
0.985135
0.959155
0.931881
0.910099
0.896719
0.892285
0.896175
0.907164
0.923554
0.943144
0.96273
0.980144
0.993038
0.999457
0.998716
0.991878
0.980579
0.966508
0.951411
0.936894
0.924155
0.91343
0.905
0.898957
0.895269
0.888715
0.907536
0.940528
0.975495
0.997374
0.996769
0.976681
0.94808
0.921101
0.901346
0.890744
0.889275
0.896026
0.909579
0.928031
0.948923
0.968793
0.985359
0.996308
0.999999
0.996308
0.986882
0.973614
0.958305
0.942686
0.928243
0.915988
0.906024
0.898523
0.8935
0.890873
0.888262
0.912725
0.949115
0.983284
0.99967
0.991757
0.966462
0.936203
0.910278
0.892989
0.885382
0.886977
0.896628
0.912731
0.933144
0.955104
0.974886
0.990132
0.998666
0.999286
0.992518
0.980583
0.965555
0.949277
0.933402
0.919259
0.907657
0.898577
0.892093
0.888153
0.886628
0.889276
0.919239
0.958291
0.990189
0.999714
0.984324
0.954681
0.923768
0.89958
0.885119
0.880677
0.885422
0.898009
0.916636
0.938872
0.961603
0.980848
0.994246
0.999885
0.997142
0.987254
0.972965
0.956443
0.939489
0.923625
0.909994
0.8992
0.891113
0.885723
0.882919
0.882538
0.891811
0.927039
0.96775
0.995664
0.997129
0.974507
0.941595
0.91101
0.889147
0.877806
0.876672
0.884644
0.900204
0.921309
0.945181
0.968301
0.986476
0.997447
0.999727
0.993407
0.980452
0.964042
0.946333
0.929009
0.913417
0.900495
0.890646
0.883648
0.879419
0.877801
0.878602
0.895923
0.936033
0.977068
0.999111
0.991638
0.962465
0.927494
0.898143
0.879093
0.871104
0.873403
0.884685
0.903249
0.926759
0.952007
0.975035
0.991518
0.999454
0.997961
0.987948
0.972083
0.953855
0.935297
0.917911
0.902835
0.890799
0.882015
0.876192
0.873183
0.872798
0.874822
0.901662
0.946052
0.985689
0.999923
0.983106
0.948451
0.912672
0.88535
0.869506
0.86506
0.87091
0.885591
0.907184
0.932978
0.959251
0.981589
0.995677
0.999969
0.99437
0.980671
0.962158
0.942469
0.923415
0.906262
0.891927
0.880934
0.873321
0.868745
0.867014
0.86791
0.871201
0.90906
0.95681
0.992922
0.997548
0.971563
0.932796
0.897407
0.872776
0.86045
0.859714
0.869243
0.887419
0.912048
0.939936
0.966762
0.987687
0.998614
0.99869
0.98877
0.971526
0.950718
0.929965
0.910769
0.894127
0.88073
0.870918
0.864567
0.861306
0.860908
0.863135
0.867744
0.918104
0.967866
0.997971
0.991567
0.9572
0.915858
0.881938
0.860533
0.851975
0.85511
0.868461
0.890235
0.917869
0.947566
0.974329
0.992987
0.999957
0.99533
0.981024
0.960511
0.937837
0.916435
0.897434
0.881554
0.869271
0.860756
0.855748
0.853867
0.854861
0.858476
0.864461
0.928705
0.978592
0.999993
0.981752
0.940348
0.897996
0.866459
0.8487
0.844124
0.851301
0.868636
0.894107
0.924658
0.955745
0.981662
0.997086
0.999319
0.989638
0.971051
0.947669
0.923609
0.901969
0.883478
0.86858
0.857561
0.850447
0.846858
0.846422
0.84887
0.85394
0.861369
0.940646
0.988152
0.99819
0.968111
0.921424
0.879529
0.851117
0.837333
0.836942
0.848353
0.869854
0.899102
0.932391
0.964283
0.988388
0.999529
0.996326
0.98142
0.958832
0.933083
0.908139
0.886655
0.868952
0.855226
0.8456
0.839981
0.837885
0.838964
0.842938
0.849537
0.858491
0.953529
0.995527
0.991922
0.950879
0.90088
0.860724
0.836013
0.826475
0.830479
0.846346
0.872209
0.905275
0.940993
0.972902
0.994048
0.999831
0.99064
0.970553
0.944409
0.916861
0.891533
0.870564
0.853892
0.8415
0.83338
0.829342
0.828816
0.831487
0.83707
0.845288
0.855856
0.966719
0.999572
0.980812
0.93048
0.879146
0.841781
0.821213
0.816168
0.8248
0.845377
0.875803
0.912657
0.950322
0.98122
0.998102
0.997504
0.981992
0.956996
0.927874
0.899128
0.873887
0.853748
0.838314
0.827395
0.820883
0.818515
0.819641
0.823993
0.83128
0.841217
0.853502
0.979291
0.999146
0.964809
0.907452
0.856594
0.82284
0.806764
0.806454
0.819984
0.845559
0.880733
0.921235
0.960139
0.988741
0.99995
0.992099
0.970201
0.940785
0.909356
0.880008
0.85528
0.836242
0.822219
0.812894
0.808087
0.807481
0.810352
0.816485
0.825585
0.837355
0.85147
0.990027
0.993271
0.944189
0.882361
0.833513
0.803989
0.7927
0.797389
0.816129
0.847013
0.887082
0.930936
0.97009
0.994855
0.998966
0.983239
0.955193
0.922025
0.889003
0.859612
0.835769
0.818058
0.805593
0.797971
0.794968
0.796225
0.800945
0.808973
0.820008
0.833739
0.84981
0.997455
0.981298
0.919495
0.855733
0.810109
0.785281
0.779053
0.789041
0.813345
0.849865
0.894907
0.941601
0.979688
0.99885
0.994546
0.970661
0.936995
0.900871
0.866964
0.838031
0.815386
0.799191
0.788412
0.782598
0.781502
0.784732
0.791418
0.80147
0.814579
0.83041
0.84857
0.999985
0.963034
0.89142
0.828001
0.786517
0.766747
0.765863
0.781492
0.811758
0.854239
0.90422
0.952955
0.988292
0.999948
0.986158
0.954235
0.915728
0.877503
0.843374
0.815329
0.794141
0.77962
0.770644
0.766742
0.767666
0.772992
0.781776
0.793994
0.809327
0.827412
0.847804
0.996122
0.938757
0.860692
0.799492
0.76281
0.74841
0.753175
0.774835
0.811495
0.860244
0.914963
0.964578
0.995114
0.997353
0.973399
0.933969
0.891579
0.852105
0.818342
0.791545
0.772026
0.759317
0.752253
0.750374
0.753437
0.760996
0.77202
0.786561
0.804283
0.824787
0.847564
0.98473
0.909141
0.827966
0.770422
0.739029
0.730288
0.741046
0.76917
0.812689
0.867964
0.926989
0.975884
0.999237
0.990322
0.956032
0.909996
0.864773
0.824844
0.791947
0.766691
0.749019
0.738243
0.733201
0.733459
0.738793
0.748732
0.762153
0.779188
0.799477
0.822577
0.847898
0.965255
0.875087
0.793773
0.740926
0.715193
0.712405
0.729531
0.764599
0.815465
0.877446
0.940023
0.986091
0.99966
0.978242
0.934006
0.882544
0.835541
0.795858
0.764241
0.740763
0.725089
0.716363
0.713451
0.715968
0.723711
0.736187
0.752173
0.771883
0.794933
0.820818
0.848849
0.937831
0.837552
0.7585
0.711081
0.691311
0.694781
0.718687
0.761218
0.819936
0.888676
0.953633
0.994223
0.995377
0.960694
0.907445
0.851893
0.804096
0.765252
0.735249
0.713744
0.700202
0.693636
0.692966
0.697865
0.708162
0.723339
0.742067
0.764649
0.790664
0.819538
0.850454
0.903211
0.797401
0.722406
0.680926
0.667387
0.67743
0.708556
0.759115
0.826196
0.901564
0.96719
0.999129
0.985471
0.937497
0.876613
0.818345
0.770624
0.733106
0.704984
0.685616
0.674327
0.670025
0.671706
0.67911
0.692106
0.710155
0.73181
0.757471
0.786675
0.818758
0.852741
0.862555
0.755329
0.685661
0.650482
0.643417
0.660354
0.699166
0.758363
0.834316
0.915911
0.979833
0.999542
0.969221
0.908718
0.841868
0.782184
0.735275
0.699474
0.673451
0.656361
0.647434
0.645492
0.649625
0.659653
0.675491
0.696583
0.721358
0.750319
0.782954
0.818482
0.855727
0.817157
0.711855
0.648375
0.619762
0.619383
0.643527
0.690519
0.759016
0.844329
0.931377
0.99045
0.994172
0.946182
0.874636
0.803604
0.743667
0.698173
0.664403
0.640658
0.625965
0.619495
0.619998
0.626671
0.639429
0.658244
0.682549
0.710642
0.74314
0.779468
0.818704
0.859415
0.768238
0.667351
0.61063
0.588768
0.595247
0.626892
0.68258
0.761101
0.856223
0.947436
0.99768
0.981841
0.916247
0.835689
0.762217
0.703016
0.659426
0.627944
0.606628
0.594431
0.59049
0.593499
0.60278
0.618354
0.640267
0.66795
0.699567
0.735854
0.776164
0.819397
0.863797
0.716802
0.622086
0.572495
0.557489
0.570938
0.610351
0.675278
0.764624
0.86993
0.963335
0.999957
0.961625
0.879625
0.792393
0.718073
0.660433
0.619147
0.590163
0.571395
0.561764
0.560396
0.565943
0.577868
0.596319
0.621431
0.652646
0.687995
0.728343
0.772957
0.820517
0.86885
0.66364
0.576286
0.534037
0.525895
0.546345
0.593751
0.668492
0.769557
0.885305
0.978037
0.995607
0.932982
0.836795
0.745298
0.671514
0.616117
0.577465
0.551152
0.535019
0.527988
0.529194
0.537269
0.551836
0.573188
0.60157
0.636457
0.675747
0.720451
0.769732
0.821994
0.874532
0.60936
0.530157
0.495318
0.493932
0.521312
0.576879
0.662045
0.775844
0.902106
0.990185
0.983008
0.895816
0.78841
0.694938
0.622868
0.570285
0.534545
0.511035
0.497581
0.493135
0.496867
0.507409
0.524565
0.548794
0.58048
0.619153
0.662593
0.711968
0.766328
0.823733
0.88079
0.554468
0.483912
0.4564
0.461517
0.495633
0.559454
0.65569
0.783387
0.919967
0.998078
0.960777
0.850472
0.735212
0.641824
0.57247
0.52319
0.49059
0.469969
0.459187
0.457255
0.463401
0.476285
0.495915
0.522938
0.557906
0.600445
0.648232
0.70262
0.762534
0.825606
0.887551
0.499433
0.437774
0.417335
0.428545
0.46905
0.541114
0.649097
0.792054
0.938353
0.999691
0.927981
0.797647
0.677968
0.586473
0.520698
0.475143
0.445857
0.428156
0.419977
0.420417
0.428791
0.443822
0.465734
0.495391
0.533551
0.579981
0.632293
0.692056
0.758071
0.827445
0.894725
0.444716
0.391982
0.378178
0.394891
0.441257
0.521408
0.641832
0.801663
0.956515
0.992768
0.884266
0.738273
0.617439
0.529418
0.467987
0.426511
0.400652
0.385837
0.380122
0.382719
0.393056
0.409951
0.433865
0.465898
0.507065
0.557334
0.614305
0.67982
0.752572
0.829031
0.902207
0.390807
0.346789
0.338997
0.360432
0.411912
0.499787
0.633331
0.811989
0.973415
0.974985
0.829904
0.673401
0.554401
0.471262
0.414849
0.377732
0.355341
0.343304
0.339841
0.344301
0.356248
0.374634
0.400162
0.434197
0.478058
0.531998
0.593691
0.665331
0.745554
0.830077
0.909872
0.338211
0.302472
0.29989
0.325068
0.380651
0.475592
0.622856
0.822742
0.987643
0.944214
0.765713
0.604135
0.489681
0.412697
0.361877
0.329308
0.310343
0.300903
0.299406
0.305357
0.318477
0.337879
0.364514
0.40003
0.446108
0.503386
0.569736
0.647831
0.736366
0.830196
0.917577
0.287453
0.259342
0.261007
0.288755
0.347119
0.448055
0.609432
0.83356
0.997288
0.898808
0.692912
0.531628
0.424206
0.35451
0.309739
0.281798
0.26613
0.259036
0.259158
0.266163
0.279933
0.299778
0.326883
0.36319
0.41079
0.470838
0.541581
0.626355
0.724132
0.828865
0.925166
0.239078
0.217753
0.222585
0.251554
0.311029
0.416309
0.591773
0.843984
0.999772
0.837872
0.612965
0.457132
0.359032
0.297592
0.259172
0.23582
0.22324
0.218179
0.219521
0.227089
0.240928
0.260551
0.287355
0.323565
0.371728
0.43365
0.508197
0.599644
0.707634
0.825325
0.932448
0.19363
0.178119
0.184974
0.213686
0.272231
0.379436
0.568167
0.853419
0.991646
0.761389
0.527525
0.382085
0.295363
0.24291
0.210953
0.19203
0.182256
0.178875
0.181012
0.18863
0.201913
0.220587
0.246202
0.281226
0.328676
0.391139
0.468414
0.566098
0.685171
0.818462
0.939209
0.151666
0.140929
0.148667
0.175594
0.230842
0.336573
0.536324
0.861026
0.968309
0.670201
0.438507
0.308165
0.234524
0.191479
0.165891
0.151115
0.143807
0.141734
0.144246
0.151416
0.163529
0.180503
0.203965
0.236539
0.281659
0.342777
0.420981
0.523695
0.65431
0.806521
0.945169
0.113752
0.10674
0.114321
0.138012
0.187402
0.287148
0.493241
0.865525
0.923713
0.56593
0.348274
0.237334
0.177937
0.14432
0.124794
0.113778
0.108564
0.107435
0.109939
0.116218
0.12661
0.141184
0.161538
0.190303
0.231177
0.288443
0.364786
0.470027
0.611586
0.78662
0.949947
0.0804452
0.0761811
0.0827535
0.102008
0.143069
0.231308
0.435167
0.864679
0.850122
0.451103
0.259889
0.171784
0.127026
0.102437
0.0884426
0.0807136
0.0772104
0.0766972
0.0788845
0.0839369
0.0921944
0.103816
0.120239
0.143903
0.178488
0.228831
0.299303
0.402528
0.552098
0.75373
0.952899
0.0522861
0.0499212
0.0549139
0.0689897
0.0998026
0.170629
0.358092
0.853911
0.738202
0.329894
0.177276
0.113859
0.0831769
0.0667536
0.0575674
0.0525857
0.0504183
0.0502515
0.0519191
0.0555674
0.0614841
0.0698546
0.0818309
0.0994328
0.125911
0.16608
0.225539
0.319367
0.469385
0.698694
0.952711
0.0297782
0.0286251
0.031819
0.040629
0.0604227
0.109087
0.25986
0.822051
0.578075
0.209748
0.105168
0.0658631
0.0476338
0.0380835
0.0328155
0.0300015
0.0288198
0.0288045
0.029871
0.0321265
0.0357692
0.0409495
0.048448
0.0596701
0.0770292
0.104471
0.147578
0.221782
0.356663
0.60444
0.945907
0.0133545
0.0129036
0.0144567
0.0186922
0.0284179
0.0537942
0.146447
0.735686
0.364482
0.103183
0.0486537
0.0298727
0.0214447
0.0170972
0.014724
0.0134718
0.0129597
0.0129801
0.0134989
0.0145705
0.0162991
0.0187697
0.0223794
0.0278642
0.0365458
0.0507764
0.0744151
0.118968
0.213606
0.441354
0.919731
0.00335717
0.00325334
0.00366378
0.00477457
0.00736421
0.0144031
0.0438241
0.478061
0.125377
0.0276126
0.0124735
0.0075621
0.00540262
0.00430208
0.00370234
0.00338888
0.00326312
0.00327229
0.00340897
0.0036881
0.00413775
0.00478256
0.00573063
0.00718582
0.00952566
0.0134634
0.020273
0.0340865
0.0681905
0.185574
0.795728
-1.19209e-07
0
5.96046e-08
0
0
0
nan
0
1.19209e-07
-2.38419e-07
0
0
-1.19209e-07
1.19209e-07
0
0
0
0
0
0
0
0
0
1.19209e-07
5.96046e-08
0
5.96046e-08
0
5.96046e-08
0
0
