0.0645799
0.0456418
0.0259243
0.0100966
0.00133305
0.000712044
0.00733069
0.0190011
0.0331139
0.0473039
0.0597878
0.0694321
0.0756726
0.0783838
0.0777533
0.0741798
0.068446
0.0609379
0.0521275
0.0426314
0.0331793
0.024505
0.0167772
0.0102553
0.0052194
0.00186835
0.000230054
0.000149501
0.00149676
0.00409561
0.0077415
0.0645238
0.0455727
0.0258594
0.010051
0.00131577
0.000724535
0.00736783
0.019054
0.0331727
0.0473604
0.0598355
0.069467
0.0756928
0.0783889
0.0777441
0.0741578
0.0684137
0.0608979
0.0520825
0.0425842
0.0331329
0.0244617
0.0167392
0.0102244
0.00519682
0.00185471
0.0002253
0.000153323
0.0015085
0.00411436
0.00776619
0.0643551
0.0453651
0.025665
0.00991475
0.0012646
0.000762638
0.00747966
0.0192128
0.0333494
0.0475293
0.0599781
0.0695714
0.075753
0.0784037
0.077716
0.0740917
0.0683167
0.0607776
0.0519472
0.0424428
0.0329937
0.0243321
0.0166255
0.0101319
0.00512931
0.0018141
0.000211332
0.000165078
0.001544
0.00417084
0.00784039
0.0640727
0.045019
0.0253419
0.00968951
0.00118158
0.000828267
0.00766765
0.0194783
0.0336439
0.0478106
0.060215
0.0697443
0.0758522
0.0784273
0.077668
0.0739804
0.0681541
0.0605765
0.0517216
0.042207
0.0327621
0.0241166
0.0164367
0.00997862
0.00501779
0.0017474
0.000189055
0.000185621
0.00160404
0.00426577
0.00796473
0.0636746
0.0445342
0.0248919
0.00937805
0.00107011
0.000924547
0.00793415
0.019852
0.0340564
0.0482035
0.0605449
0.069984
0.0759884
0.0784578
0.0775986
0.0738229
0.0679252
0.0602942
0.0514053
0.0418772
0.0324384
0.0238161
0.016174
0.00976584
0.00486368
0.00165616
0.000159962
0.000216377
0.00168991
0.00440024
0.00814015
0.0631583
0.0439105
0.0243168
0.00898443
0.000934892
0.00105592
0.00828237
0.0203351
0.0345874
0.0487069
0.0609659
0.0702881
0.0761592
0.0784927
0.0775052
0.0736168
0.0676281
0.0599294
0.0509978
0.0414532
0.0320234
0.0234316
0.0158388
0.00949544
0.00466903
0.00154248
0.000126156
0.000259332
0.00180343
0.00457587
0.00836798
0.0625208
0.0431478
0.0236198
0.00851388
0.000782039
0.00122791
0.00871631
0.0209302
0.0352368
0.0493196
0.0614756
0.0706538
0.0763613
0.0785286
0.0773852
0.0733601
0.0672613
0.0594811
0.0504988
0.0409356
0.031518
0.0229647
0.0154332
0.00916978
0.00443646
0.00140906
9.03067e-05
0.000317025
0.0019469
0.00479466
0.0086499
0.0617581
0.0422461
0.0228048
0.00797277
0.000619042
0.0014473
0.00924087
0.0216393
0.0360047
0.0500397
0.062071
0.0710771
0.0765907
0.0785619
0.077235
0.0730494
0.0668223
0.0589477
0.0499075
0.0403244
0.0309233
0.0224174
0.0149597
0.00879187
0.00416919
0.00125923
5.56829e-05
0.000392525
0.00212312
0.00505904
0.00898793
0.0608663
0.0412061
0.0218763
0.00736893
0.000454677
0.00172188
0.00986144
0.0224653
0.0368912
0.0508652
0.0627483
0.0715537
0.0768426
0.0785878
0.0770503
0.0726816
0.0663086
0.0583278
0.0492236
0.0396203
0.030241
0.0217918
0.0144213
0.00836514
0.00387103
0.0010969
2.61168e-05
0.000489441
0.00233532
0.00537182
0.00938441
0.0598412
0.0400284
0.0208402
0.00671155
0.000299086
0.00206053
0.0105841
0.0234109
0.0378959
0.0517933
0.0635035
0.0720784
0.0771117
0.0786013
0.0768266
0.0722528
0.0657175
0.0576197
0.0484466
0.038824
0.0294727
0.021091
0.0138215
0.00789372
0.00354642
0.000926593
6.00033e-06
0.00061188
0.00258721
0.00573616
0.0098419
0.0586782
0.0387146
0.0197034
0.00601113
0.000163732
0.00247304
0.0114154
0.0244786
0.0390182
0.0528208
0.0643315
0.0726452
0.0773917
0.0785963
0.0765586
0.0717587
0.0650459
0.0568215
0.047576
0.0379365
0.0286207
0.020318
0.0131645
0.00738234
0.00320036
0.000753377
2.69302e-07
0.00076443
0.00288289
0.00615563
0.0103633
0.0573732
0.0372673
0.0184745
0.00527983
6.1313e-05
0.00296999
0.0123621
0.0256714
0.0402569
0.0539438
0.0652266
0.0732478
0.077676
0.0785665
0.076241
0.071195
0.0642907
0.0559318
0.0466118
0.036959
0.0276877
0.0194767
0.012455
0.00683625
0.00283848
0.000582933
1.43849e-05
0.000952145
0.00322684
0.00663404
0.0109519
0.0559222
0.0356897
0.0171631
0.00453111
5.76823e-06
0.00356268
0.0134313
0.0269913
0.0416104
0.0551575
0.0661823
0.0738785
0.077957
0.0785049
0.0758676
0.070557
0.0634488
0.0549488
0.0455539
0.0358933
0.0266768
0.0185714
0.0116981
0.00626142
0.00246705
0.000421492
5.43109e-05
0.0011805
0.0036239
0.00717547
0.0116107
0.0543218
0.0339865
0.0157809
0.00378024
1.21487e-05
0.00426295
0.0146298
0.0284405
0.0430764
0.0564567
0.0671913
0.0745294
0.0782267
0.0784042
0.075432
0.0698397
0.0625167
0.0538711
0.0444028
0.0347415
0.0255916
0.0176071
0.0109
0.00566441
0.00209286
0.000275834
0.000126492
0.00145539
0.00407924
0.00778424
0.0123434
0.0525696
0.032164
0.0143408
0.00304385
9.65364e-05
0.00508304
0.0159646
0.0300201
0.0446517
0.057835
0.0682455
0.0751916
0.0784763
0.0782564
0.0749278
0.0690383
0.0614916
0.0526976
0.0431592
0.0335061
0.0244365
0.0165894
0.010067
0.0050524
0.0017234
0.000153257
0.000237813
0.00178305
0.00459828
0.00846488
0.0131534
0.0506642
0.0302301
0.012858
0.00234018
0.000275921
0.00603535
0.0174419
0.031731
0.0463324
0.0592854
0.0693362
0.0758557
0.0786968
0.0780533
0.074348
0.0681477
0.0603702
0.0514274
0.0418243
0.0321904
0.0232164
0.0155246
0.00920666
0.00443327
0.00136664
6.1578e-05
0.000395584
0.00217004
0.00518669
0.00922208
0.0140444
0.0486056
0.0281946
0.0113497
0.00168907
0.000568014
0.00713224
0.0190676
0.0335728
0.0481135
0.0607997
0.0704533
0.0765114
0.0788783
0.0777863
0.0736859
0.0671632
0.0591501
0.05006
0.0403999
0.0307982
0.0219368
0.0144196
0.00832673
0.00381546
0.00103117
9.0791e-06
0.000607493
0.00262322
0.00585029
0.0100606
0.01502
0.0463955
0.0260696
0.00983497
0.00111163
0.000991078
0.00838582
0.0208468
0.035544
0.0499887
0.0623688
0.0715865
0.0771479
0.0790108
0.0774468
0.0729347
0.06608
0.0578291
0.0485955
0.0388885
0.0293341
0.0206042
0.0132823
0.00743594
0.00320813
0.000726138
4.49118e-06
0.000881552
0.00314966
0.00659512
0.0109852
0.016084
0.0440376
0.0238696
0.00833511
0.000630441
0.00156368
0.00980772
0.0227832
0.0376422
0.051951
0.0639826
0.0727245
0.0777541
0.0790839
0.077026
0.0720877
0.064894
0.0564051
0.0470347
0.0372932
0.0278035
0.0192257
0.0121211
0.00654368
0.00262102
0.000461186
5.695e-05
0.00122609
0.00375662
0.00742722
0.0120007
0.0172398
0.0415384
0.0216117
0.00687355
0.000269185
0.0023045
0.0114087
0.0248799
0.0398635
0.0539917
0.0656301
0.0738551
0.0783179
0.0790872
0.0765153
0.0711384
0.0636013
0.0548771
0.0453791
0.0356179
0.0262124
0.0178092
0.0109453
0.00566003
0.00206452
0.000246465
0.000175958
0.00164966
0.00445152
0.0083527
0.013112
0.0184909
0.0389066
0.0193157
0.00547584
5.24597e-05
0.0032319
0.0131984
0.0271378
0.0422022
0.0561011
0.0672989
0.0749655
0.0788273
0.0790095
0.0759057
0.0700807
0.0621983
0.0532443
0.0436307
0.0338674
0.0245679
0.0163636
0.00976494
0.00479575
0.00154955
9.25693e-05
0.000371345
0.00216103
0.00524184
0.00937769
0.0143237
0.0198408
0.0361541
0.0170045
0.00416957
5.62873e-06
0.00436373
0.0151853
0.0295565
0.0446516
0.058268
0.0689761
0.0760424
0.0792697
0.0788406
0.0751892
0.068909
0.0606828
0.0515074
0.0417928
0.0320475
0.022878
0.0148987
0.00859103
0.00396237
0.00108764
1.05292e-05
0.000653208
0.00276909
0.00613509
0.0105082
0.0156404
0.0212924
0.0332962
0.0147039
0.00298427
0.000154426
0.00571695
0.0173758
0.0321338
0.0472028
0.0604799
0.0706477
0.0770718
0.0796326
0.0785696
0.0743577
0.0676184
0.0590525
0.0496673
0.0398694
0.0301648
0.0211516
0.0134251
0.0074352
0.00317206
0.000690849
1.17436e-05
0.00103188
0.00348288
0.00713878
0.0117502
0.0170664
0.0228488
0.0303516
0.0124427
0.00195109
0.00052464
0.00730723
0.0197749
0.0348652
0.0498454
0.0627229
0.0722988
0.0780394
0.0799033
0.0781865
0.0734039
0.0662045
0.0573066
0.0477262
0.0378656
0.0282271
0.0193988
0.0119544
0.00631003
0.00243767
0.000371729
0.00010795
0.00151788
0.00431139
0.00826032
0.0131094
0.018606
0.0245126
0.0273431
0.0102528
0.00110269
0.00114171
0.00914853
0.0223848
0.0377444
0.052567
0.0649823
0.0739139
0.0789309
0.0800694
0.0776813
0.072321
0.0646639
0.0554451
0.0456873
0.0357877
0.0262434
0.0176305
0.010499
0.00522877
0.00177263
0.000143293
0.000311171
0.00212181
0.00526366
0.00950704
0.0145914
0.0202629
0.0262861
0.0242971
0.00816912
0.000472835
0.00203029
0.0112527
0.0252056
0.0407623
0.0553538
0.0672418
0.075477
0.0797315
0.0801186
0.0770449
0.0711032
0.0629944
0.053469
0.043555
0.033643
0.0242235
0.0158588
0.00907236
0.00420556
0.00119107
1.89884e-05
0.000633669
0.00285441
0.00634866
0.010886
0.0162015
0.0220409
0.0281715
0.0212444
0.00622935
9.59868e-05
0.00321364
0.0136291
0.0282343
0.0439077
0.0581901
0.0694845
0.0769716
0.0804268
0.0800391
0.0762688
0.0697455
0.0611944
0.0513805
0.0413349
0.0314401
0.0221786
0.0140967
0.00768888
0.00325526
0.000707636
1.2642e-05
0.00108792
0.00372639
0.00757526
0.0124042
0.0179447
0.0239432
0.0301703
0.0182202
0.00447372
6.86251e-06
0.00471339
0.0162844
0.0314652
0.0471672
0.0610587
0.0716922
0.078381
0.0810027
0.0798201
0.0753456
0.068244
0.059264
0.0491832
0.0390337
0.0291888
0.020121
0.0123584
0.00636385
0.00239347
0.00033755
0.000138429
0.00168651
0.00474847
0.00895208
0.0140682
0.0198258
0.0259727
0.0322841
0.0152636
0.00294488
0.000239853
0.00654858
0.0192216
0.0348896
0.0505249
0.0639408
0.0738467
0.0796888
0.0814454
0.0794513
0.0742686
0.0665961
0.0572041
0.0468818
0.0366597
0.0269001
0.0180642
0.0106592
0.00511342
0.00163655
9.65639e-05
0.000410836
0.00244215
0.00593124
0.0104877
0.0158844
0.021849
0.028132
0.034514
0.012418
0.00168726
0.000828422
0.00873531
0.0224405
0.0384954
0.0539627
0.0668167
0.075929
0.0808785
0.0817421
0.0789235
0.0730326
0.0648003
0.0550174
0.0444825
0.0342221
0.0245864
0.0160229
0.00901542
0.00395479
0.0010016
9.32418e-07
0.000844619
0.00336762
0.00728524
0.0121902
0.0178588
0.0240185
0.0304234
0.0368605
0.00973116
0.000746689
0.00180438
0.0112863
0.025937
0.0422675
0.0574605
0.0696656
0.07792
0.0819344
0.0818805
0.0782285
0.0716335
0.0628567
0.0527074
0.0419927
0.0317319
0.0222615
0.0140131
0.00744453
0.00290603
0.000506426
6.73866e-05
0.00145477
0.0044757
0.00882081
0.0140676
0.0199971
0.0263378
0.0328487
0.0393242
0.00725451
0.000169781
0.00319713
0.0142102
0.0297024
0.0461877
0.0609965
0.072466
0.0798013
0.0828415
0.0818498
0.0773596
0.0700685
0.0607663
0.0502793
0.0394211
0.0292011
0.0199401
0.0120519
0.00596518
0.00198619
0.000169552
0.000313121
0.00225648
0.00577912
0.010548
0.0161276
0.0223045
0.02881
0.0354093
0.0419051
0.00504341
3.20351e-06
0.00503286
0.0175106
0.0337244
0.0502351
0.0645475
0.0751964
0.0815545
0.0835857
0.0816406
0.0763115
0.0683365
0.0585319
0.0477397
0.036778
0.0266433
0.0176388
0.0101581
0.00459719
0.00121532
1.02362e-05
0.00075577
0.00326509
0.00729055
0.0124768
0.0183773
0.024786
0.0314383
0.0381066
0.0446033
0.00315628
0.00029275
0.00733373
0.0211865
0.0379864
0.0543859
0.068089
0.0778351
0.0831622
0.0841544
0.0812443
0.07508
0.0664374
0.0561576
0.0450962
0.0340749
0.0240733
0.0153754
0.00835143
0.00336165
0.000614467
4.84683e-05
0.00141337
0.00449608
0.00902255
0.0146169
0.0208237
0.0274461
0.0342249
0.0409416
0.0474184
0.00165428
0.00108239
0.0101169
0.0252315
0.0424674
0.0586143
0.0715964
0.080361
0.0846085
0.0845363
0.0806543
0.0736627
0.0643727
0.0536485
0.0423583
0.0313248
0.0215077
0.0131692
0.00665349
0.00228096
0.000205759
0.000304963
0.00230434
0.00596501
0.0109875
0.0169774
0.0234733
0.0302889
0.0371723
0.0439148
0.0503503
0.000600592
0.00241308
0.0133937
0.0296332
0.047143
0.0628929
0.0750444
0.0827542
0.0858782
0.0847216
0.0798655
0.0720586
0.0621452
0.0510112
0.0395363
0.0285423
0.0189645
0.0110414
0.00508733
0.00137899
1.24266e-05
0.000801179
0.00344753
0.00768748
0.0131977
0.0195673
0.0263324
0.0333183
0.0402823
0.0470271
0.0533985
5.93259e-05
0.00432158
0.0171691
0.034374
0.0519852
0.067193
0.0784085
0.0849957
0.0869587
0.0847023
0.0788742
0.0702678
0.0597588
0.0482538
0.0366423
0.0257433
0.0164637
0.00901492
0.00367785
0.000681131
5.8866e-05
0.00155929
0.00486203
0.00967905
0.0156649
0.0223953
0.0294065
0.0365377
0.0435567
0.0502788
0.056563
9.43755e-05
0.00683894
0.0214409
0.0394303
0.0569635
0.0714854
0.0816652
0.0870682
0.0878383
0.084472
0.077678
0.0682916
0.0572183
0.0453849
0.0336893
0.0229456
0.014027
0.00711473
0.0024519
0.000214411
0.000370663
0.00260221
0.00656723
0.0119552
0.018401
0.0254695
0.0327013
0.0399505
0.0469974
0.0536709
0.0598438
0.000767836
0.00998933
0.0261991
0.0447741
0.0620448
0.0757411
0.0847924
0.088957
0.088508
0.0840262
0.0762761
0.0661325
0.0545301
0.0424147
0.0306923
0.0201689
0.0116785
0.00536811
0.00143848
7.61613e-06
0.000974601
0.00395348
0.00858272
0.0145314
0.0214172
0.0287979
0.0362219
0.0435598
0.050606
0.0572041
0.0632415
0.00213822
0.0137887
0.031426
0.0503722
0.0671956
0.0799323
0.0877701
0.0906488
0.0889604
0.0833615
0.0746685
0.0637938
0.0517008
0.0393549
0.0276677
0.0174351
0.00944476
0.00380512
0.000668957
9.13682e-05
0.00189869
0.00563726
0.0109282
0.0174228
0.0247246
0.032388
0.0399732
0.0473687
0.0543845
0.0608799
0.0667572
0.00425834
0.0182432
0.0370969
0.0561883
0.0723812
0.0840327
0.0905803
0.092133
0.0891898
0.0824761
0.0728559
0.0612791
0.0487381
0.0362176
0.0246343
0.014769
0.00735556
0.00245864
0.000177263
0.000498205
0.0031721
0.00767825
0.0136235
0.0206442
0.0283338
0.0362473
0.0439602
0.0513807
0.0583353
0.0647003
0.0703932
0.00717299
0.0233491
0.0431791
0.0621833
0.0775687
0.0880185
0.0932084
0.0934015
0.0891922
0.0813686
0.0708398
0.0585929
0.0456506
0.0330176
0.0216132
0.0121983
0.00544405
0.00136496
6.96041e-08
0.00126256
0.00482502
0.0101015
0.0166881
0.0242103
0.0322553
0.0403827
0.0481879
0.0555992
0.0624615
0.0686682
0.0741524
0.0109169
0.0290917
0.0496346
0.0683171
0.0827262
0.0918685
0.095642
0.0944477
0.0889651
0.0800383
0.0686213
0.0557394
0.0424478
0.029771
0.0186284
0.00975473
0.00374735
0.000563958
0.000176889
0.00242076
0.00688861
0.0129322
0.0201416
0.0281354
0.036499
0.0448014
0.0526613
0.0600284
0.0667667
0.0727875
0.0780393
0.0155121
0.0354457
0.0564202
0.0745495
0.0878248
0.0955654
0.097872
0.0952675
0.0885061
0.0784847
0.0662016
0.0527236
0.0391405
0.0264969
0.0157082
0.00747446
0.00230715
9.94471e-05
0.000750119
0.00401084
0.00939482
0.0161958
0.0240031
0.0324335
0.0410751
0.0495106
0.0573864
0.0646735
0.0712562
0.0770637
0.0820601
0.020967
0.0423756
0.0634893
0.0808422
0.0928393
0.099095
0.0998916
0.0958577
0.0878135
0.0767064
0.0635815
0.0495506
0.0357415
0.0232178
0.0128851
0.00539892
0.00117017
1.9362e-05
0.00176504
0.00607239
0.012376
0.0199174
0.0282915
0.0371181
0.0459933
0.054518
0.0623694
0.0695406
0.0759363
0.0815038
0.0862224
0.0272742
0.0498372
0.0707943
0.0871594
0.0977484
0.102447
0.101696
0.0962157
0.0868849
0.0747013
0.0607611
0.0462266
0.032266
0.0199604
0.0101976
0.00357564
0.000388604
0.000375852
0.00326956
0.00864626
0.0158649
0.0241221
0.0330251
0.0422027
0.0512638
0.0598319
0.067618
0.0746372
0.0808151
0.0861169
0.0905363
0.0344115
0.0577799
0.0782885
0.0934699
0.102536
0.105615
0.103283
0.096339
0.0857163
0.0724657
0.05774
0.0427586
0.0287327
0.0167573
0.00769085
0.00205894
2.04516e-05
0.00122524
0.00531402
0.0117742
0.019894
0.0288343
0.038222
0.0477007
0.0568973
0.0654613
0.0731412
0.0799729
0.0859031
0.0909142
0.0950141
0.0423415
0.0661485
0.0859275
0.0997477
0.107189
0.108594
0.104651
0.0962239
0.0843025
0.0699944
0.054518
0.0391561
0.0251655
0.0136477
0.00541811
0.000910679
0.000129692
0.00262776
0.00795061
0.0154983
0.0244954
0.0340779
0.0438998
0.0536259
0.062905
0.0714171
0.0789499
0.0855595
0.0912131
0.0959098
0.0996708
0.0510144
0.0748863
0.0936718
0.105973
0.111703
0.111383
0.105796
0.0958652
0.0826355
0.0672809
0.0510952
0.0354326
0.0215946
0.0106797
0.00344165
0.000200716
0.000786216
0.00464712
0.0112329
0.0198607
0.0297008
0.0398763
0.0500765
0.0599924
0.0692998
0.077712
0.0850575
0.0914113
0.0967607
0.101121
0.104524
0.0603703
0.0839381
0.101488
0.112131
0.116072
0.11398
0.106714
0.0952543
0.0807045
0.0643169
0.0474731
0.0316058
0.0180584
0.00791151
0.00183374
7.21702e-06
0.00206551
0.00734994
0.0152154
0.0249031
0.035541
0.0462524
0.0567696
0.0668154
0.0760962
0.0843607
0.0914799
0.0975458
0.102565
0.106567
0.109595
0.0703435
0.0932535
0.109351
0.118214
0.120296
0.116384
0.107401
0.0943795
0.0784959
0.0610938
0.0436566
0.0277011
0.0146057
0.00541291
0.000677703
0.000416597
0.00404795
0.0108046
0.0199521
0.0306662
0.042046
0.053229
0.063998
0.0741119
0.0833108
0.0913812
0.0982365
0.103984
0.108648
0.112271
0.114908
0.0808664
0.102789
0.117242
0.12422
0.124378
0.118594
0.107845
0.0932248
0.075993
0.0576035
0.0396552
0.023753
0.011298
0.00326718
6.81486e-05
0.00152312
0.00681813
0.0150809
0.0254966
0.0371894
0.0492448
0.0608291
0.0717812
0.0819006
0.0909636
0.0987948
0.10535
0.11075
0.115035
0.118261
0.12049
0.0918739
0.11251
0.125153
0.130152
0.128319
0.120603
0.108033
0.0917702
0.0731778
0.0538397
0.0354857
0.0198084
0.00821162
0.001572
0.000111198
0.00342795
0.0104631
0.0202481
0.0319011
0.0445106
0.0571662
0.0690758
0.0801408
0.0902035
0.0990777
0.106627
0.112849
0.117874
0.121757
0.124566
0.126371
0.103308
0.122393
0.133082
0.136013
0.132119
0.122403
0.107945
0.0899908
0.0700301
0.0498001
0.0311749
0.0159288
0.00543976
0.000440448
0.000923909
0.006238
0.0150717
0.0263746
0.0392156
0.0526669
0.0658387
0.0779945
0.0891012
0.0990461
0.107681
0.114907
0.120763
0.125388
0.128848
0.131221
0.132584
0.115121
0.132424
0.141032
0.141811
0.135777
0.123978
0.107555
0.0878582
0.0665307
0.0454896
0.0267633
0.012194
0.00309451
1.27487e-06
0.00263321
0.0100639
0.0207319
0.033526
0.0474879
0.0616936
0.0752914
0.0876118
0.0986898
0.108458
0.116805
0.123669
0.12913
0.133329
0.136346
0.138264
0.139167
0.127277
0.142601
0.149015
0.147551
0.139286
0.125307
0.106832
0.085341
0.0626635
0.0409221
0.0223076
0.00870449
0.00130838
0.000398422
0.00537409
0.0150183
0.0275304
0.0417657
0.0567636
0.0716262
0.085555
0.097958
0.108939
0.118473
0.126487
0.132954
0.137991
0.14174
0.144291
0.145735
0.146159
0.139757
0.152931
0.157042
0.153237
0.142633
0.126364
0.105739
0.0824066
0.0584165
0.0361262
0.0178858
0.00558501
0.000234875
0.00178974
0.00928718
0.0212131
0.0355498
0.0511528
0.0670867
0.0824999
0.0966628
0.109068
0.119885
0.129133
0.136772
0.142807
0.147392
0.150667
0.152731
0.153679
0.153603
0.152553
0.163429
0.165127
0.158869
0.145801
0.127113
0.104236
0.0790225
0.0537876
0.0311473
0.013601
0.00298625
4.83843e-05
0.00434468
0.0145159
0.0287575
0.0448686
0.0617431
0.0784989
0.0943515
0.108651
0.120979
0.13157
0.140482
0.147706
0.153277
0.157384
0.160161
0.161715
0.162144
0.161542
0.165672
0.174113
0.173281
0.164442
0.148765
0.127514
0.102279
0.0751598
0.0487865
0.0260544
0.00958467
0.00108651
0.000942833
0.00824118
0.0212029
0.0377549
0.0555591
0.0735885
0.0910426
0.107221
0.121561
0.133738
0.144044
0.152574
0.159345
0.164422
0.168023
0.170277
0.171295
0.171179
0.170025
0.179131
0.185005
0.181515
0.169943
0.151492
0.127521
0.0998199
0.070796
0.0434402
0.0209432
0.00600089
9.25216e-05
0.00312908
0.0136615
0.0294867
0.0483024
0.0676884
0.0867394
0.104761
0.12115
0.13544
0.147395
0.157362
0.165467
0.17175
0.1763
0.179368
0.181072
0.181526
0.180837
0.179101
0.192956
0.19613
0.189833
0.175357
0.153945
0.127084
0.0968153
0.0659178
0.0377978
0.0159428
0.00304898
0.000238124
0.00683079
0.0207878
0.0394988
0.0604882
0.081318
0.101244
0.119699
0.136188
0.15034
0.162008
0.171586
0.179225
0.184985
0.188978
0.191484
0.192608
0.192469
0.191173
0.18882
0.207179
0.207507
0.198236
0.180661
0.15608
0.126151
0.0932238
0.0605271
0.0319367
0.01122
0.00096561
0.00178184
0.0122793
0.0297965
0.0513593
0.0743918
0.0965047
0.11715
0.135905
0.152387
0.166321
0.177642
0.186784
0.193917
0.19912
0.202524
0.204437
0.20495
0.204183
0.202246
0.199237
0.221833
0.219157
0.206722
0.185827
0.157853
0.124666
0.0890091
0.054644
0.0259679
0.00698447
2.46817e-05
0.0050023
0.019707
0.0408538
0.0651764
0.0900839
0.113302
0.134508
0.153434
0.169809
0.183448
0.194366
0.203028
0.209619
0.214231
0.217011
0.218298
0.218164
0.216733
0.214114
0.210407
0.236953
0.231096
0.215285
0.190829
0.159214
0.122579
0.0841467
0.0483136
0.0200435
0.0034925
0.000535742
0.0101917
0.0293403
0.0541112
0.0810449
0.107627
0.131762
0.153371
0.172343
0.188519
0.201795
0.212258
0.220397
0.226409
0.230393
0.232513
0.233138
0.23232
0.230184
0.22684
0.222389
0.252572
0.24334
0.223917
0.195634
0.160116
0.119842
0.0786243
0.0416127
0.0143628
0.00104978
0.00283958
0.0176469
0.0413918
0.0697019
0.0990453
0.12708
0.151938
0.173796
0.192699
0.208588
0.221437
0.231397
0.238972
0.244366
0.247685
0.249108
0.249031
0.247488
0.244604
0.240489
0.235245
0.268722
0.255904
0.232616
0.200218
0.160515
0.116412
0.0724483
0.0346539
0.00917929
1.15823e-05
0.00730119
0.0276607
0.0560553
0.0877389
0.119247
0.148493
0.173882
0.195843
0.214569
0.230092
0.242455
0.251864
0.258834
0.263572
0.266187
0.266871
0.266053
0.263743
0.260064
0.25513
0.249042
0.285439
0.268808
0.24138
0.204559
0.160371
0.112256
0.0656471
0.0275976
0.00480651
0.000780899
0.0142997
0.0405104
0.0734969
0.108315
0.141705
0.171918
0.19765
0.219577
0.238026
0.25311
0.264929
0.27374
0.280065
0.284107
0.285977
0.285881
0.28428
0.281158
0.276639
0.270837
0.263852
0.302757
0.282077
0.250222
0.208644
0.159651
0.107351
0.058278
0.0206567
0.00162266
0.00380243
0.0242157
0.0564472
0.093855
0.131501
0.166471
0.197403
0.2233
0.245064
0.263141
0.277716
0.288935
0.297103
0.302741
0.306047
0.307131
0.306214
0.303789
0.299811
0.294407
0.287687
0.279754
0.320721
0.295752
0.259163
0.212472
0.158331
0.101689
0.0504316
0.0141084
7.33786e-05
0.00955292
0.037417
0.0756889
0.117237
0.157351
0.193584
0.224994
0.250884
0.272366
0.289983
0.30398
0.314546
0.322025
0.326934
0.329464
0.329724
0.327945
0.324656
0.319782
0.313449
0.305766
0.296834
0.339384
0.309886
0.268247
0.216056
0.156398
0.0952746
0.0422411
0.00830126
0.000670738
0.0185271
0.0542431
0.098411
0.143716
0.185904
0.223079
0.254733
0.280456
0.301538
0.318611
0.331963
0.34182
0.348565
0.352706
0.354423
0.353822
0.351147
0.34696
0.341154
0.333853
0.325165
0.315189
0.358815
0.324556
0.277539
0.219431
0.153851
0.0881344
0.0338895
0.00366657
0.00398877
0.0312203
0.0749916
0.124744
0.173343
0.217183
0.254981
0.286653
0.312054
0.332624
0.349067
0.361708
0.370803
0.376772
0.380109
0.38098
0.379489
0.375889
0.370777
0.364012
0.355713
0.345987
0.334928
0.379104
0.339867
0.287135
0.222654
0.150705
0.0803152
0.0256213
0.000725953
0.0106524
0.0481058
0.0999037
0.154773
0.206133
0.251193
0.289302
0.320773
0.345699
0.365646
0.381372
0.393236
0.401517
0.406671
0.409173
0.409176
0.406775
0.402233
0.396181
0.388441
0.379126
0.368338
0.356168
0.400366
0.355959
0.297165
0.225807
0.146986
0.0718876
0.0177515
9.72872e-05
0.0213224
0.069616
0.129159
0.188536
0.242082
0.287925
0.326035
0.357087
0.381384
0.400593
0.415518
0.42654
0.433961
0.438268
0.439916
0.439039
0.435722
0.430237
0.423245
0.414529
0.404196
0.392339
0.379044
0.422745
0.373012
0.307806
0.229011
0.142741
0.0629505
0.0106851
0.00249895
0.0366697
0.096117
0.162868
0.226028
0.281154
0.327341
0.365143
0.395555
0.419065
0.437421
0.451457
0.461576
0.468099
0.471539
0.472326
0.470573
0.466354
0.459944
0.452034
0.442362
0.431027
0.418115
0.403702
0.446416
0.391252
0.319284
0.232425
0.138036
0.0536362
0.00493058
0.00874754
0.0573499
0.127895
0.201073
0.267202
0.323281
0.369367
0.406544
0.436087
0.458646
0.47603
0.489096
0.498259
0.503857
0.506424
0.506362
0.503757
0.498673
0.491382
0.482598
0.472017
0.459726
0.445797
0.430296
0.471589
0.410958
0.331894
0.236262
0.132951
0.0441148
0.00112293
0.019749
0.0839699
0.165142
0.24375
0.311965
0.368352
0.413878
0.450101
0.478535
0.499976
0.516269
0.528286
0.536451
0.541113
0.542822
0.541943
0.538539
0.532654
0.524556
0.514975
0.503563
0.490391
0.475517
0.458991
0.498504
0.432472
0.346007
0.240801
0.127596
0.0346039
4.96526e-05
0.0364799
0.117054
0.207947
0.290804
0.360168
0.416193
0.46068
0.495603
0.522676
0.542826
0.557915
0.568816
0.575958
0.579693
0.580581
0.578945
0.574821
0.568232
0.559437
0.549169
0.537041
0.523104
0.507397
0.48995
0.527432
0.4562
0.362093
0.24641
0.1221
0.0253791
0.00268023
0.059961
0.157016
0.256301
0.342071
0.411593
0.466551
0.509493
0.542747
0.5682
0.586892
0.600673
0.610408
0.61652
0.619364
0.619493
0.617188
0.612454
0.605294
0.595951
0.585149
0.572463
0.557921
0.54154
0.523327
0.558656
0.482618
0.380739
0.253573
0.116629
0.0167938
0.0102022
0.0912166
0.204138
0.310087
0.3973
0.465925
0.519066
0.559926
0.591132
0.614707
0.631782
0.644167
0.652705
0.657808
0.659819
0.659279
0.656422
0.651224
0.643663
0.633958
0.622816
0.609778
0.594845
0.578006
0.559241
0.592457
0.512267
0.402683
0.262938
0.111384
0.00930524
0.0240624
0.131225
0.258553
0.36907
0.456126
0.522722
0.573248
0.611464
0.640241
0.661694
0.677013
0.687938
0.695275
0.699414
0.700678
0.699587
0.696323
0.690836
0.683079
0.673242
0.662
0.648865
0.633811
0.616794
0.597761
0.629079
0.545738
0.428837
0.275387
0.106624
0.00352694
0.0460085
0.18087
0.320229
0.432878
0.518022
0.581375
0.628448
0.66346
0.689447
0.708562
0.722017
0.731449
0.737606
0.74085
0.741482
0.739978
0.736476
0.730901
0.723184
0.713481
0.702417
0.68949
0.674641
0.657793
0.638856
0.668665
0.583642
0.46032
0.292134
0.102696
0.000310381
0.0781282
0.240874
0.388942
0.500943
0.582259
0.64108
0.683857
0.715132
0.738008
0.754614
0.766138
0.774077
0.779107
0.781553
0.781681
0.77992
0.776365
0.770921
0.763499
0.754221
0.743647
0.731273
0.717009
0.700743
0.682346
0.71119
0.62653
0.498466
0.314877
0.100086
0.000896062
0.122876
0.311752
0.464218
0.572411
0.647825
0.700803
0.738486
0.765564
0.78509
0.799079
0.808655
0.815138
0.81912
0.820881
0.820648
0.818793
0.815374
0.810282
0.803417
0.794864
0.785106
0.773656
0.760394
0.745177
0.727838
0.756333
0.674756
0.544799
0.346037
0.099543
0.00720112
0.183063
0.39371
0.545209
0.646036
0.713384
0.759279
0.791199
0.813743
0.82978
0.841126
0.848792
0.853896
0.856932
0.858131
0.85768
0.855888
0.852782
0.84825
0.842187
0.834643
0.82602
0.815861
0.804028
0.790355
0.774641
0.803326
0.728242
0.600862
0.38907
0.102327
0.0223811
0.26177
0.486471
0.630444
0.720025
0.777232
0.815017
0.84072
0.858581
0.871118
0.879888
0.885743
0.889579
0.891789
0.892554
0.892019
0.890426
0.887781
0.88398
0.87892
0.872627
0.86541
0.856869
0.846859
0.835199
0.821676
0.850783
0.786081
0.667816
0.448825
0.110821
0.051982
0.362105
0.588845
0.717492
0.791935
0.837307
0.866363
0.885713
0.898954
0.908143
0.914503
0.918705
0.921417
0.922932
0.923383
0.922872
0.92158
0.9195
0.916542
0.912617
0.907731
0.90211
0.895422
0.887533
0.878269
0.86742
0.896561
0.846026
0.745447
0.53169
0.130093
0.106395
0.486547
0.697799
0.80255
0.85864
0.89127
0.911564
0.924822
0.933776
0.939926
0.944148
0.946909
0.948669
0.949623
0.949862
0.949455
0.948518
0.947043
0.944962
0.942207
0.938771
0.934803
0.930061
0.924429
0.917765
0.909886
0.937739
0.903941
0.830285
0.64436
0.172645
0.205989
0.634825
0.8069
0.880173
0.916444
0.936651
0.948904
0.956782
0.962043
0.965627
0.96807
0.969655
0.970655
0.971185
0.971295
0.971026
0.970447
0.969548
0.968288
0.966619
0.964534
0.96212
0.959221
0.955759
0.951633
0.946713
0.970858
0.95365
0.912801
0.787077
0.274581
0.390205
0.797195
0.904594
0.943505
0.961455
0.971107
0.976844
0.980488
0.982901
0.984535
0.985642
0.986357
0.986804
0.987036
0.987078
0.986945
0.98667
0.986247
0.985655
0.984873
0.983895
0.982758
0.981388
0.979745
0.977776
0.975412
0.992472
0.987781
0.975903
0.932062
0.550255
0.714288
0.939762
0.974386
0.985332
0.99014
0.99266
0.994141
0.995075
0.995688
0.996105
0.996385
0.996565
0.996678
0.996735
0.996744
0.996709
0.996637
0.996528
0.996375
0.996173
0.995918
0.995624
0.995268
0.994841
0.994326
0.993705
1
1
1
1
1
1
nan
1
1
1
1
1
1
1
1
1
1
1
1
1
1
1
1
1
1
1
1
1
1
1
1
