0.93542
0.954358
0.974076
0.989903
0.998667
0.999288
0.992669
0.980999
0.966886
0.952696
0.940212
0.930568
0.924327
0.921616
0.922247
0.92582
0.931554
0.939062
0.947872
0.957369
0.966821
0.975495
0.983223
0.989745
0.994781
0.998132
0.99977
0.999851
0.998503
0.995904
0.992258
0.935476
0.954427
0.974141
0.989949
0.998684
0.999275
0.992632
0.980946
0.966827
0.95264
0.940165
0.930533
0.924307
0.921611
0.922256
0.925842
0.931586
0.939102
0.947918
0.957416
0.966867
0.975538
0.983261
0.989776
0.994803
0.998145
0.999775
0.999847
0.998492
0.995886
0.992234
0.935645
0.954635
0.974335
0.990085
0.998735
0.999237
0.99252
0.980787
0.966651
0.952471
0.940022
0.930429
0.924247
0.921596
0.922284
0.925908
0.931683
0.939222
0.948053
0.957557
0.967006
0.975668
0.983375
0.989868
0.994871
0.998186
0.999789
0.999835
0.998456
0.995829
0.99216
0.935927
0.954981
0.974658
0.99031
0.998818
0.999172
0.992332
0.980522
0.966356
0.952189
0.939785
0.930256
0.924148
0.921573
0.922332
0.92602
0.931846
0.939423
0.948278
0.957793
0.967238
0.975883
0.983563
0.990021
0.994982
0.998253
0.999811
0.999814
0.998396
0.995734
0.992035
0.936325
0.955466
0.975108
0.990622
0.99893
0.999075
0.992066
0.980148
0.965944
0.951796
0.939455
0.930016
0.924012
0.921542
0.922401
0.926177
0.932075
0.939706
0.948595
0.958123
0.967562
0.976184
0.983826
0.990234
0.995136
0.998344
0.99984
0.999784
0.99831
0.9956
0.99186
0.936842
0.956089
0.975683
0.991016
0.999065
0.998944
0.991718
0.979665
0.965413
0.951293
0.939034
0.929712
0.923841
0.921507
0.922495
0.926383
0.932372
0.940071
0.949002
0.958547
0.967977
0.976568
0.984161
0.990505
0.995331
0.998457
0.999874
0.999741
0.998197
0.995424
0.991632
0.937479
0.956852
0.97638
0.991486
0.999218
0.998772
0.991284
0.97907
0.964763
0.95068
0.938524
0.929346
0.923639
0.921471
0.922615
0.92664
0.932739
0.940519
0.949501
0.959064
0.968482
0.977035
0.984567
0.99083
0.995564
0.998591
0.99991
0.999683
0.998053
0.995205
0.99135
0.938242
0.957754
0.977195
0.992027
0.999381
0.998553
0.990759
0.978361
0.963995
0.94996
0.937929
0.928923
0.923409
0.921438
0.922765
0.926951
0.933178
0.941052
0.950092
0.959676
0.969077
0.977583
0.98504
0.991208
0.995831
0.998741
0.999944
0.999608
0.997877
0.994941
0.991012
0.939134
0.958794
0.978124
0.992631
0.999545
0.998278
0.990139
0.977535
0.963109
0.949135
0.937252
0.928446
0.923157
0.921412
0.92295
0.927318
0.933691
0.941672
0.950776
0.96038
0.969759
0.978208
0.985579
0.991635
0.996129
0.998903
0.999974
0.999511
0.997665
0.994628
0.990616
0.940159
0.959972
0.97916
0.993288
0.999701
0.997939
0.989416
0.976589
0.962104
0.948207
0.936496
0.927922
0.922888
0.921399
0.923173
0.927747
0.934282
0.94238
0.951553
0.961176
0.970527
0.978909
0.986179
0.992106
0.996454
0.999073
0.999994
0.999388
0.997413
0.994264
0.990158
0.941322
0.961285
0.980297
0.993989
0.999836
0.997527
0.988585
0.975521
0.960982
0.947179
0.935669
0.927355
0.922608
0.921404
0.923441
0.928241
0.934954
0.943179
0.952424
0.962063
0.971379
0.979682
0.986835
0.992618
0.9968
0.999247
1
0.999236
0.997117
0.993844
0.989637
0.942627
0.962733
0.981525
0.99472
0.999939
0.99703
0.987638
0.974329
0.959743
0.946056
0.934773
0.926752
0.922324
0.921434
0.923759
0.928805
0.935709
0.944068
0.953388
0.963041
0.972312
0.980523
0.987545
0.993164
0.997162
0.999417
0.999986
0.999048
0.996773
0.993366
0.989048
0.944078
0.96431
0.982837
0.995469
0.999994
0.996437
0.986569
0.973009
0.95839
0.944842
0.933818
0.926121
0.922043
0.921495
0.924132
0.929443
0.936551
0.945051
0.954446
0.964107
0.973323
0.981429
0.988302
0.993739
0.997533
0.999579
0.999946
0.998819
0.996376
0.992825
0.988389
0.945678
0.966014
0.984219
0.99622
0.999988
0.995737
0.98537
0.97156
0.956924
0.943543
0.932809
0.925471
0.921773
0.921596
0.924568
0.93016
0.937483
0.946129
0.955597
0.965259
0.974408
0.982393
0.9891
0.994336
0.997907
0.999724
0.999874
0.998545
0.995921
0.992216
0.987657
0.94743
0.967836
0.985659
0.996956
0.999903
0.994917
0.984035
0.96998
0.955348
0.942165
0.931755
0.924808
0.921524
0.921744
0.925072
0.930962
0.938508
0.947302
0.956841
0.966494
0.975563
0.983411
0.989933
0.994948
0.998277
0.999847
0.999762
0.998217
0.995402
0.991535
0.986847
0.949336
0.96977
0.987142
0.99766
0.999724
0.993965
0.982558
0.968269
0.953668
0.940715
0.930664
0.924144
0.921303
0.921947
0.925652
0.931852
0.93963
0.948573
0.958176
0.96781
0.976784
0.984475
0.990793
0.995567
0.998633
0.999938
0.999604
0.99783
0.994813
0.990778
0.985956
0.951394
0.971805
0.98865
0.998311
0.999432
0.992868
0.980932
0.966427
0.951887
0.9392
0.929547
0.923489
0.921122
0.922214
0.926314
0.932837
0.94085
0.94994
0.9596
0.969202
0.978063
0.98558
0.991673
0.996185
0.998969
0.999991
0.999393
0.997377
0.99415
0.989939
0.98498
0.953605
0.97393
0.990165
0.998888
0.999009
0.991614
0.979153
0.964456
0.950011
0.937631
0.928414
0.922852
0.920989
0.922553
0.927065
0.93392
0.942171
0.951405
0.961112
0.970666
0.979396
0.986718
0.992564
0.996792
0.999274
0.999996
0.999118
0.99685
0.993405
0.989015
0.983916
0.955962
0.97613
0.991665
0.99937
0.998436
0.990192
0.977217
0.962358
0.948049
0.936017
0.927275
0.922246
0.920916
0.922974
0.927912
0.935106
0.943595
0.952965
0.962707
0.972197
0.980774
0.987879
0.993456
0.997379
0.999539
0.999943
0.998774
0.996243
0.992573
0.987999
0.98276
0.958462
0.978388
0.993126
0.999731
0.997696
0.988591
0.97512
0.960137
0.946008
0.93437
0.926145
0.921682
0.920913
0.923485
0.928862
0.936399
0.945123
0.954621
0.964382
0.973788
0.982191
0.989055
0.99434
0.997935
0.999754
0.999824
0.99835
0.995548
0.991647
0.986888
0.981509
0.961093
0.980684
0.994524
0.999948
0.996768
0.986802
0.972862
0.957798
0.943899
0.932701
0.925034
0.921173
0.920991
0.924094
0.929919
0.937802
0.946756
0.956369
0.966133
0.975432
0.983636
0.990235
0.995204
0.99845
0.999907
0.999629
0.997839
0.994758
0.990622
0.985676
0.980159
0.963846
0.982996
0.99583
0.999994
0.995636
0.984815
0.970443
0.955348
0.941732
0.931024
0.923958
0.92073
0.921159
0.924811
0.931091
0.939317
0.948493
0.958207
0.967952
0.977122
0.985101
0.991409
0.996038
0.998912
0.999989
0.999347
0.997231
0.993865
0.989492
0.98436
0.978708
0.966704
0.985296
0.997016
0.999846
0.994283
0.982624
0.967866
0.952797
0.93952
0.929352
0.922928
0.920367
0.92143
0.925642
0.932382
0.940948
0.950333
0.960131
0.969835
0.978848
0.986575
0.992565
0.996828
0.999309
0.999988
0.998968
0.996517
0.992861
0.98825
0.982934
0.977151
0.969648
0.987557
0.998049
0.999475
0.992693
0.980225
0.965135
0.950155
0.937277
0.927701
0.921961
0.920097
0.921814
0.926596
0.933796
0.942693
0.952274
0.962134
0.971773
0.980601
0.988046
0.99369
0.997562
0.999628
0.999892
0.998482
0.995689
0.99174
0.986891
0.981394
0.975487
0.972657
0.989747
0.998897
0.998858
0.990851
0.977615
0.962256
0.947433
0.935018
0.926086
0.921069
0.919931
0.922319
0.927679
0.935336
0.944555
0.954313
0.964212
0.973757
0.982369
0.989501
0.994771
0.998227
0.999857
0.999689
0.997878
0.994736
0.990493
0.985409
0.979737
0.973714
0.975703
0.991831
0.999527
0.99797
0.988747
0.974794
0.959238
0.944646
0.932758
0.924523
0.920268
0.919881
0.922955
0.928897
0.937006
0.946531
0.956445
0.966357
0.975777
0.984141
0.990928
0.995794
0.998809
0.999981
0.999366
0.997146
0.993651
0.989114
0.983799
0.977959
0.971829
0.978756
0.993771
0.999904
0.996786
0.986371
0.971766
0.956092
0.94181
0.930516
0.923028
0.919573
0.919961
0.923731
0.930255
0.938806
0.948619
0.958665
0.96856
0.977821
0.985903
0.992311
0.996745
0.999292
0.999987
0.998912
0.996274
0.992425
0.987596
0.982055
0.976057
0.96983
0.98178
0.995526
0.999993
0.995287
0.983716
0.968535
0.952833
0.938941
0.928308
0.921619
0.918997
0.92018
0.924654
0.931756
0.940736
0.950817
0.960966
0.970811
0.979879
0.987642
0.993636
0.997607
0.999662
0.999862
0.998313
0.995252
0.991048
0.985932
0.980174
0.974027
0.967716
0.984736
0.997055
0.99976
0.993451
0.980778
0.96511
0.949475
0.936059
0.926153
0.920311
0.918555
0.920549
0.925731
0.933404
0.942796
0.953118
0.96334
0.9731
0.981936
0.989341
0.994887
0.998363
0.999903
0.999589
0.997558
0.994069
0.989512
0.984116
0.978151
0.971868
0.965486
0.987582
0.998313
0.999172
0.991265
0.977559
0.961505
0.946037
0.933183
0.924071
0.919122
0.918258
0.921077
0.926967
0.9352
0.944983
0.955518
0.965778
0.975414
0.983977
0.990985
0.996045
0.998998
0.999999
0.999155
0.996632
0.992715
0.98781
0.982141
0.975982
0.969577
0.96314
0.990269
0.999253
0.998196
0.988714
0.974063
0.957733
0.942539
0.930334
0.92208
0.918066
0.91812
0.921772
0.928366
0.937143
0.947293
0.958007
0.968268
0.977739
0.985987
0.992555
0.997094
0.999494
0.999933
0.998545
0.995524
0.991179
0.985932
0.980003
0.973662
0.967151
0.960676
0.992745
0.99983
0.996803
0.98579
0.970298
0.953812
0.939004
0.927534
0.920199
0.917159
0.91815
0.92264
0.929931
0.939234
0.949721
0.960579
0.970799
0.98006
0.987948
0.994035
0.998014
0.99983
0.999687
0.997744
0.994221
0.989452
0.983872
0.977695
0.97119
0.964591
0.958095
0.994957
0.999997
0.994967
0.982489
0.966276
0.949765
0.935453
0.924804
0.918446
0.916414
0.918359
0.923689
0.931664
0.941468
0.95226
0.963222
0.973357
0.982361
0.989842
0.995403
0.998785
0.99999
0.999244
0.996735
0.992709
0.987523
0.981623
0.975214
0.968562
0.961893
0.955397
0.996844
0.999707
0.992666
0.978813
0.962014
0.945614
0.931911
0.922165
0.916838
0.915846
0.918756
0.92492
0.933563
0.943842
0.954904
0.965925
0.975927
0.984625
0.991649
0.996638
0.999386
0.999952
0.998587
0.995504
0.990977
0.985383
0.979176
0.972554
0.965775
0.959058
0.952582
0.998346
0.998918
0.989883
0.974769
0.957533
0.941386
0.928404
0.919639
0.915392
0.915464
0.919346
0.926337
0.935627
0.946352
0.957642
0.968675
0.978492
0.986831
0.993347
0.997719
0.999794
0.999695
0.997696
0.994035
0.989012
0.983023
0.976527
0.969711
0.962828
0.956085
0.94965
0.999399
0.997587
0.986606
0.970367
0.952857
0.937107
0.924956
0.917246
0.914122
0.915278
0.920134
0.927941
0.937855
0.948989
0.960464
0.971458
0.981035
0.988959
0.994913
0.998621
0.999988
0.999199
0.996552
0.992313
0.986802
0.980433
0.973668
0.966682
0.959718
0.952973
0.946602
0.999941
0.995678
0.982831
0.965626
0.948015
0.932807
0.921591
0.915004
0.913041
0.915298
0.921126
0.929732
0.940241
0.951746
0.963358
0.974257
0.983536
0.990985
0.996322
0.999319
0.999941
0.998441
0.995138
0.990321
0.984335
0.977605
0.970594
0.963462
0.956443
0.949721
0.943437
0.999906
0.993161
0.978559
0.96057
0.943037
0.928515
0.918335
0.912932
0.912162
0.915528
0.922322
0.931708
0.942782
0.954615
0.966311
0.977054
0.985973
0.992885
0.997548
0.999786
0.999629
0.997398
0.993433
0.988045
0.981599
0.97453
0.967299
0.960049
0.953003
0.946329
0.940156
0.999232
0.990011
0.973801
0.955226
0.937955
0.924259
0.915208
0.911043
0.911492
0.915974
0.923724
0.933868
0.94547
0.957585
0.969308
0.979831
0.988322
0.994632
0.998562
0.999992
0.999025
0.996047
0.991417
0.985469
0.978583
0.971202
0.963778
0.95644
0.949394
0.942796
0.936759
0.997862
0.986211
0.968574
0.949628
0.932804
0.920068
0.91223
0.909351
0.91104
0.916638
0.925332
0.936206
0.948299
0.960645
0.972332
0.982565
0.990555
0.996195
0.999331
0.999909
0.998101
0.994363
0.989072
0.982577
0.975275
0.967612
0.960027
0.952631
0.945616
0.93912
0.933243
0.995742
0.981757
0.962903
0.943812
0.927619
0.915967
0.90942
0.907867
0.91081
0.917524
0.927144
0.938721
0.951262
0.963782
0.975366
0.985231
0.992644
0.997541
0.999823
0.999502
0.996828
0.992322
0.986377
0.979356
0.971666
0.963753
0.95604
0.948619
0.941665
0.9353
0.929607
0.992827
0.976651
0.956821
0.937817
0.922431
0.911982
0.906792
0.906599
0.910808
0.918631
0.92916
0.941407
0.954349
0.966982
0.978387
0.987802
0.994556
0.998635
1
0.998737
0.995175
0.989899
0.983312
0.97579
0.967745
0.959617
0.951812
0.944401
0.937539
0.931332
0.925848
0.989083
0.970908
0.950365
0.931683
0.917274
0.908131
0.904358
0.905552
0.911035
0.919962
0.931379
0.944261
0.957552
0.970229
0.981372
0.990245
0.996253
0.999436
0.999823
0.997579
0.993111
0.987068
0.979858
0.971865
0.963501
0.955199
0.947339
0.939972
0.933233
0.927212
0.921961
0.984488
0.964554
0.94358
0.925451
0.912175
0.904435
0.902128
0.904733
0.911494
0.921515
0.933798
0.947276
0.960859
0.973503
0.984292
0.992526
0.997693
0.999901
0.99925
0.995989
0.990605
0.983804
0.975997
0.967567
0.958925
0.950489
0.942614
0.935327
0.928744
0.922936
0.91794
0.979033
0.957624
0.936511
0.919158
0.907161
0.900905
0.900108
0.904142
0.912187
0.923294
0.936418
0.950449
0.964258
0.976782
0.987115
0.994601
0.99883
0.999981
0.998235
0.993928
0.987624
0.980083
0.971709
0.962882
0.954007
0.945482
0.937631
0.930459
0.924064
0.918496
0.913778
0.972726
0.950163
0.929206
0.912841
0.902252
0.897553
0.898304
0.903784
0.913115
0.925299
0.939239
0.953773
0.967734
0.98004
0.989802
0.996424
0.999611
0.999624
0.99673
0.991354
0.984135
0.975878
0.966975
0.957797
0.948736
0.940168
0.932382
0.925363
0.919185
0.913883
0.909464
0.965589
0.94222
0.921711
0.90653
0.897464
0.894385
0.896717
0.903661
0.914284
0.927534
0.94226
0.957241
0.971267
0.983243
0.992309
0.997941
0.99998
0.998775
0.994686
0.988226
0.980106
0.971166
0.961778
0.952299
0.943103
0.934539
0.926859
0.920027
0.914097
0.909086
0.904986
0.957659
0.933852
0.914073
0.900252
0.892811
0.891406
0.895349
0.903776
0.915697
0.930006
0.945482
0.960844
0.974835
0.986352
0.994582
0.999089
0.99987
0.997372
0.992049
0.984502
0.975505
0.965922
0.9561
0.946374
0.937095
0.928583
0.92105
0.914441
0.908787
0.90409
0.900329
0.948986
0.925114
0.906328
0.894027
0.888297
0.888617
0.894204
0.904135
0.917365
0.932719
0.948905
0.964567
0.978405
0.98932
0.996558
0.999799
0.999214
0.995353
0.988767
0.980139
0.970299
0.960124
0.949924
0.940008
0.9307
0.922288
0.914943
0.908589
0.903239
0.898879
0.895476
0.93963
0.916062
0.898512
0.887869
0.883928
0.88602
0.893286
0.904746
0.919295
0.935683
0.952527
0.968394
0.981942
0.992088
0.998166
0.999993
0.997934
0.99265
0.984785
0.975097
0.964459
0.953748
0.94323
0.933185
0.923904
0.915639
0.90852
0.902454
0.897435
0.893433
0.890405
0.929657
0.906747
0.890649
0.881786
0.879704
0.883616
0.892599
0.905621
0.921504
0.938906
0.956343
0.972299
0.985394
0.994587
0.999322
0.999583
0.995952
0.989195
0.980048
0.969334
0.957954
0.946771
0.936002
0.925888
0.916689
0.908619
0.901763
0.896016
0.891352
0.887729
0.885092
0.919134
0.897211
0.882758
0.87578
0.875622
0.881406
0.892155
0.906775
0.924007
0.942397
0.960345
0.976247
0.988702
0.996733
0.999932
0.998477
0.993182
0.984919
0.974503
0.962811
0.950755
0.939171
0.928219
0.918099
0.909036
0.901205
0.89465
0.88925
0.884965
0.881739
0.87951
0.908126
0.88749
0.874847
0.869848
0.871681
0.879397
0.891967
0.90823
0.926822
0.94616
0.964514
0.980192
0.991788
0.998428
0.999889
0.996572
0.989537
0.979752
0.968099
0.955489
0.942834
0.930924
0.919859
0.909796
0.900922
0.893373
0.887151
0.882126
0.878243
0.875434
0.873629
0.896692
0.877607
0.866918
0.863987
0.867881
0.877597
0.892055
0.910009
0.92997
0.9502
0.968825
0.984071
0.99456
0.99956
0.999076
0.993762
0.984928
0.973625
0.960784
0.947333
0.934161
0.922006
0.910899
0.900954
0.892319
0.885093
0.879237
0.874612
0.871152
0.868779
0.867416
0.884879
0.867576
0.858968
0.858189
0.864223
0.876022
0.892445
0.912142
0.933469
0.95451
0.973237
0.987806
0.996906
0.999999
0.997367
0.989936
0.979268
0.966474
0.952512
0.938306
0.924709
0.912388
0.90131
0.891542
0.883195
0.876331
0.87087
0.866671
0.863654
0.861736
0.860833
0.872723
0.857399
0.850985
0.852449
0.860714
0.874693
0.893168
0.914659
0.937337
0.959078
0.977692
0.991296
0.998692
0.999602
0.994626
0.984982
0.97247
0.958234
0.943236
0.928374
0.914445
0.902042
0.891061
0.881527
0.873513
0.867046
0.862009
0.85826
0.855709
0.854265
0.853841
0.860243
0.847069
0.842958
0.846763
0.857367
0.873636
0.894261
0.917593
0.941583
0.963874
0.982114
0.994415
0.999765
0.99821
0.990713
0.978787
0.96445
0.948847
0.932913
0.9175
0.903337
0.890933
0.880115
0.870867
0.863228
0.857193
0.852608
0.849333
0.847269
0.846321
0.846397
0.847447
0.836571
0.834873
0.841131
0.854199
0.872887
0.895764
0.920978
0.946212
0.968853
0.986399
0.997014
0.999952
0.995655
0.985484
0.971243
0.955131
0.938257
0.921501
0.905649
0.891349
0.879021
0.86843
0.859518
0.852294
0.846723
0.842616
0.839839
0.838285
0.837856
0.838458
0.834328
0.825887
0.826719
0.835558
0.851235
0.872486
0.897721
0.92484
0.951213
0.973946
0.990415
0.998913
0.999057
0.991759
0.978797
0.962245
0.944441
0.926411
0.908957
0.892779
0.878439
0.866262
0.855956
0.847426
0.840655
0.835579
0.831977
0.829723
0.828705
0.828821
0.829975
0.820869
0.814995
0.818485
0.830057
0.848508
0.872479
0.90018
0.929204
0.95656
0.979057
0.993999
0.999907
0.996871
0.986338
0.970513
0.951698
0.932312
0.913261
0.895239
0.87885
0.86456
0.852605
0.842638
0.834533
0.82825
0.8237
0.820632
0.818928
0.818474
0.819163
0.820899
0.807044
0.80387
0.810167
0.824643
0.846055
0.872916
0.903185
0.934082
0.962202
0.984057
0.996951
0.999762
0.993169
0.979212
0.960501
0.939512
0.918682
0.898756
0.880301
0.863812
0.84966
0.837992
0.828414
0.820775
0.815015
0.811022
0.808516
0.807392
0.807531
0.808827
0.81118
0.792821
0.792493
0.801764
0.819339
0.84392
0.873849
0.906776
0.939473
0.968063
0.98878
0.999034
0.998218
0.987721
0.970204
0.948641
0.925608
0.903495
0.88285
0.864095
0.847613
0.833679
0.822358
0.813216
0.806083
0.80088
0.797476
0.795563
0.79505
0.795817
0.797754
0.800763
0.778167
0.780843
0.793278
0.814173
0.842147
0.875334
0.910991
0.945356
0.974032
0.993016
0.999975
0.994998
0.980293
0.959146
0.934824
0.909916
0.886698
0.865492
0.846566
0.830191
0.816552
0.805634
0.796972
0.790381
0.785769
0.782989
0.781702
0.781836
0.783267
0.785886
0.789593
0.763047
0.768904
0.784715
0.809171
0.840786
0.877421
0.915853
0.951686
0.979956
0.996508
0.999464
0.989808
0.97066
0.945889
0.918955
0.892373
0.868238
0.846629
0.827657
0.811481
0.798205
0.787742
0.779603
0.773591
0.769607
0.767487
0.766862
0.76768
0.769816
0.77316
0.777611
0.747428
0.75666
0.776083
0.804366
0.839884
0.880158
0.921376
0.958387
0.985637
0.99895
0.99716
0.982353
0.958608
0.930298
0.900955
0.87292
0.848062
0.826204
0.807301
0.791412
0.778563
0.768603
0.761028
0.755634
0.752315
0.750892
0.750969
0.752512
0.755396
0.759511
0.764755
0.731278
0.744096
0.767384
0.799782
0.839485
0.883588
0.927552
0.965346
0.990821
0.999988
0.992699
0.972339
0.943945
0.912261
0.880753
0.851507
0.826118
0.804157
0.785431
0.769908
0.757545
0.748136
0.741166
0.736428
0.733813
0.733129
0.733947
0.736257
0.739936
0.74487
0.750958
0.714561
0.731192
0.75862
0.795441
0.839629
0.887744
0.934353
0.972402
0.995193
0.999219
0.9857
0.95949
0.926503
0.891685
0.858295
0.828082
0.80235
0.780423
0.761974
0.74689
0.735071
0.72626
0.719935
0.715893
0.714023
0.714119
0.71572
0.718842
0.723361
0.729163
0.736148
0.697243
0.717923
0.749778
0.791356
0.840349
0.892649
0.941722
0.979343
0.998377
0.996198
0.975784
0.943553
0.906145
0.868499
0.833529
0.802597
0.7767
0.754936
0.736859
0.722284
0.711065
0.702897
0.697259
0.693953
0.692869
0.693786
0.696211
0.700189
0.705593
0.712313
0.720246
0.679279
0.704248
0.740837
0.787528
0.841669
0.898311
0.949568
0.985892
0.999927
0.990447
0.962583
0.924311
0.882763
0.842649
0.806416
0.775006
0.749116
0.727634
0.710017
0.69602
0.685454
0.677975
0.673066
0.670536
0.670276
0.672055
0.675344
0.680218
0.686551
0.694234
0.703166
0.660616
0.690114
0.731753
0.783944
0.843602
0.904725
0.957759
0.991699
0.999329
0.981473
0.945757
0.901589
0.856284
0.814096
0.776921
0.745267
0.719544
0.698462
0.681389
0.668037
0.65818
0.651435
0.647294
0.645577
0.646178
0.648853
0.65304
0.658846
0.666147
0.674835
0.684811
0.641185
0.675444
0.722461
0.780569
0.846149
0.911866
0.966111
0.996333
0.996011
0.96878
0.925008
0.875256
0.826657
0.782817
0.745019
0.713347
0.687946
0.667376
0.650933
0.638292
0.629197
0.623228
0.619891
0.61902
0.620511
0.624111
0.629223
0.635988
0.644287
0.654013
0.665072
0.620896
0.660133
0.712865
0.777346
0.849295
0.919685
0.974379
0.999274
0.989348
0.951894
0.900096
0.845227
0.793867
0.748807
0.710698
0.679227
0.654301
0.634354
0.618628
0.606764
0.598483
0.593329
0.590827
0.590824
0.593225
0.597767
0.603819
0.611559
0.620874
0.631662
0.643832
0.599634
0.644041
0.702835
0.774193
0.853014
0.928112
0.982249
0.999903
0.978678
0.930384
0.870841
0.811464
0.757918
0.712075
0.673965
0.642913
0.618616
0.599407
0.584482
0.57346
0.566038
0.561732
0.560084
0.560961
0.564278
0.569763
0.576755
0.585471
0.595804
0.607661
0.620956
0.577255
0.626988
0.692194
0.770989
0.857258
0.937049
0.989315
0.997501
0.96333
0.903883
0.837132
0.773972
0.718846
0.672659
0.634857
0.604445
0.580935
0.562579
0.548543
0.538424
0.531901
0.528461
0.527674
0.529427
0.533646
0.540056
0.547966
0.557638
0.568973
0.581885
0.596298
0.553584
0.608748
0.680716
0.767575
0.861964
0.946364
0.995069
0.991252
0.94265
0.872105
0.798927
0.732798
0.676719
0.630633
0.593456
0.563913
0.541354
0.52397
0.510904
0.501742
0.496143
0.493576
0.493638
0.496243
0.501327
0.508618
0.517402
0.527983
0.540274
0.554203
0.569704
0.528411
0.589042
0.668106
0.763738
0.867049
0.955885
0.998877
0.980251
0.91603
0.834858
0.75625
0.688035
0.631648
0.586122
0.549899
0.521465
0.500024
0.483731
0.471714
0.463549
0.458887
0.457178
0.458057
0.461461
0.467346
0.475444
0.485025
0.496437
0.509609
0.524483
0.541009
0.501496
0.567528
0.653993
0.759199
0.872404
0.965396
0.99995
0.96352
0.882946
0.792053
0.709196
0.639832
0.583807
0.53932
0.504397
0.477324
0.457174
0.442085
0.431184
0.424042
0.420307
0.419419
0.421055
0.425179
0.431768
0.440563
0.450831
0.462959
0.476896
0.492603
0.51005
0.472568
0.5438
0.637907
0.75359
0.8779
0.974621
0.99732
0.940039
0.842984
0.743699
0.657929
0.588407
0.533449
0.490507
0.457253
0.4318
0.413108
0.399327
0.389592
0.38348
0.380636
0.380507
0.382812
0.387546
0.394706
0.404049
0.414851
0.427537
0.442079
0.45846
0.476673
0.441344
0.517382
0.619261
0.746427
0.883371
0.983206
0.989798
0.908783
0.795862
0.689913
0.6027
0.534075
0.480934
0.440074
0.408868
0.385293
0.368218
0.355833
0.347295
0.342192
0.340181
0.340721
0.343578
0.348776
0.356337
0.366042
0.377184
0.390222
0.405155
0.421994
0.440759
0.407543
0.487733
0.597317
0.737062
0.888616
0.990695
0.975938
0.868775
0.741447
0.63093
0.543874
0.477278
0.426752
0.388536
0.359759
0.338306
0.322987
0.312062
0.304725
0.300586
0.299322
0.300413
0.303677
0.309164
0.316921
0.326758
0.338
0.351135
0.366189
0.383206
0.402239
0.370921
0.454262
0.571163
0.724613
0.893376
0.996473
0.953991
0.81913
0.679771
0.567122
0.481978
0.418625
0.371552
0.33654
0.310553
0.291438
0.277983
0.268551
0.262394
0.25915
0.258518
0.260022
0.263524
0.269099
0.276816
0.286519
0.297583
0.31051
0.325359
0.342207
0.361144
0.331335
0.416358
0.53968
0.707866
0.897304
0.99969
0.921872
0.759126
0.611058
0.499057
0.417741
0.35892
0.316143
0.284868
0.261992
0.245386
0.233862
0.225923
0.220893
0.218447
0.218319
0.22008
0.223635
0.229079
0.236501
0.245779
0.256353
0.268727
0.282991
0.299257
0.317654
0.28881
0.37347
0.501534
0.685123
0.899914
0.999104
0.877124
0.688248
0.535782
0.427589
0.352175
0.299197
0.261514
0.234436
0.21491
0.200921
0.191345
0.184862
0.18088
0.179119
0.179352
0.181207
0.184626
0.189718
0.196583
0.205136
0.214894
0.226344
0.239606
0.254823
0.272162
0.243667
0.325244
0.455201
0.653963
0.900457
0.992799
0.816937
0.60629
0.454791
0.353964
0.286616
0.240721
0.208801
0.186257
0.17022
0.158874
0.151208
0.146104
0.143068
0.141869
0.14232
0.144112
0.147218
0.15175
0.157813
0.165357
0.17398
0.184139
0.195972
0.209645
0.225359
0.196674
0.271758
0.399138
0.61093
0.897673
0.977619
0.73823
0.513529
0.369556
0.279975
0.222768
0.184983
0.15928
0.141419
0.128882
0.120112
0.114257
0.110421
0.108211
0.107446
0.107981
0.109574
0.112219
0.11602
0.12108
0.127373
0.13459
0.143131
0.153141
0.164801
0.178324
0.149217
0.213919
0.332184
0.551175
0.889179
0.948018
0.637895
0.411155
0.282508
0.208065
0.162693
0.133637
0.114287
0.101046
0.0918574
0.0854966
0.0812955
0.0785832
0.0770677
0.0766172
0.0771276
0.07842
0.0805005
0.0834578
0.0873828
0.0922686
0.0978904
0.104578
0.112467
0.121731
0.13258
0.103439
0.153974
0.254553
0.46831
0.869907
0.893605
0.513453
0.302201
0.19745
0.14136
0.10873
0.0884364
0.075178
0.0662239
0.0600739
0.0558525
0.053091
0.0513313
0.0503775
0.050138
0.0505455
0.0514817
0.0529566
0.0550383
0.0577933
0.061229
0.0651968
0.0699394
0.0755709
0.0822355
0.0901142
0.0622607
0.0960591
0.169715
0.35564
0.827355
0.794011
0.365175
0.1931
0.119827
0.0835559
0.0633489
0.051096
0.0432175
0.037957
0.0343728
0.0319301
0.0303446
0.0293448
0.0288152
0.0287054
0.0289741
0.0295534
0.0304518
0.0317122
0.0333813
0.0354657
0.0378802
0.0407792
0.0442413
0.0483671
0.0532866
0.0291424
0.0463502
0.0871987
0.212923
0.725419
0.609795
0.202805
0.0954064
0.056495
0.0385449
0.0288925
0.0231556
0.0195124
0.0170987
0.0154648
0.0143583
0.013643
0.0131956
0.0129637
0.0129223
0.0130551
0.0133305
0.0137533
0.0143448
0.0151266
0.0161051
0.0172418
0.0186116
0.0202546
0.0222238
0.0245879
0.00752795
0.0122195
0.0240971
0.0679379
0.449745
0.285712
0.0602376
0.0256136
0.014668
0.00985974
0.00733984
0.00585878
0.00492471
0.00431168
0.0038951
0.00361484
0.00343454
0.00332212
0.00326455
0.00325572
0.00329089
0.00336266
0.00347209
0.00362486
0.00382704
0.00408161
0.00437599
0.0047316
0.0051595
0.00567412
0.00629479
0
0
0
5.96046e-08
-2.38419e-07
0
nan
5.96046e-08
0
0
0
0
-1.19209e-07
0
0
1.19209e-07
0
0
0
0
0
0
-1.19209e-07
0
1.19209e-07
0
0
0
0
-1.19209e-07
0
