0.000249755
0.00566588
0.0236453
0.0458866
0.0650473
0.0767613
0.0795407
0.0739742
0.0619816
0.0462523
0.0297701
0.0153368
0.00512094
0.000333594
0.00113652
0.00679893
0.0158792
0.0269975
0.0388411
0.0502026
0.0601122
0.0679962
0.0736312
0.0768533
0.0776433
0.0762135
0.0730553
0.0683081
0.0623025
0.0553861
0.0479084
0.000239842
0.00571062
0.0237215
0.0459653
0.0651066
0.0767895
0.079535
0.0739385
0.0619241
0.0461842
0.0297035
0.0152828
0.00508767
0.000325013
0.00115212
0.00683469
0.0159289
0.0270545
0.0388993
0.0502566
0.0601582
0.0680318
0.0736549
0.0768645
0.0776422
0.0762009
0.0730327
0.0682768
0.0622645
0.0553432
0.0478625
0.000211302
0.00584577
0.0239503
0.0462013
0.0652837
0.076873
0.0795171
0.0738306
0.0617513
0.0459799
0.029504
0.0151213
0.00498851
0.00029992
0.00119956
0.00694245
0.0160781
0.0272256
0.0390737
0.0504185
0.0602958
0.0681381
0.0737257
0.0768979
0.0776385
0.0761625
0.0729641
0.0681826
0.0621499
0.0552139
0.0477244
0.00016777
0.0060741
0.0243328
0.0465937
0.065577
0.0770098
0.0794847
0.0736488
0.061462
0.045639
0.029172
0.0148536
0.00482538
0.000260359
0.00128067
0.00712364
0.016328
0.0275112
0.0393641
0.0506876
0.0605241
0.0683141
0.0738424
0.0769522
0.0776311
0.0760976
0.0728489
0.0680248
0.0619584
0.0549981
0.0474941
0.000115269
0.00640023
0.0248707
0.0471416
0.0659835
0.0771963
0.0794344
0.0733903
0.0610547
0.0451613
0.028709
0.0144821
0.00460134
0.000209689
0.00139849
0.00738064
0.0166799
0.027912
0.0397706
0.0510633
0.0608421
0.0685584
0.0740034
0.0770257
0.0776183
0.0760045
0.0726858
0.0678025
0.0616892
0.0546954
0.0471716
6.22241e-05
0.0068304
0.0255661
0.0478433
0.0664991
0.077427
0.0793612
0.073051
0.060527
0.0445465
0.0281164
0.0140103
0.00432087
0.000152619
0.00155731
0.00771667
0.0171357
0.0284286
0.0402926
0.0515441
0.0612475
0.0688684
0.0742059
0.0771159
0.0775976
0.075881
0.0724728
0.067514
0.0613412
0.0543051
0.0467567
1.94518e-05
0.0073726
0.0264215
0.0486964
0.0671183
0.0776956
0.0792586
0.072626
0.0598758
0.0437942
0.0273965
0.0134425
0.00398972
9.51852e-05
0.0017625
0.00813593
0.0176983
0.029062
0.0409296
0.0521285
0.0617381
0.0692413
0.074447
0.0772194
0.077566
0.0757243
0.0722074
0.0671574
0.060913
0.0538263
0.046249
9.27333e-08
0.00803596
0.0274397
0.0496978
0.0678344
0.0779939
0.0791189
0.0721093
0.059098
0.0429044
0.0265524
0.0127842
0.00361498
4.47555e-05
0.00202057
0.00864311
0.0183702
0.0298131
0.0416809
0.0528143
0.0623107
0.0696733
0.0747225
0.0773324
0.0775196
0.075531
0.0718868
0.0667303
0.0604029
0.0532582
0.0456484
1.95831e-05
0.00883117
0.0286232
0.0508432
0.0686392
0.0783121
0.0789332
0.0714939
0.05819
0.0418771
0.025588
0.0120423
0.00320504
9.96061e-06
0.00233905
0.00924395
0.0191549
0.0306829
0.0425455
0.0535988
0.0629616
0.0701601
0.0750279
0.07745
0.0774541
0.0752971
0.0715078
0.0662304
0.0598092
0.0525998
0.044955
9.55402e-05
0.0097696
0.0299746
0.0521276
0.069523
0.0786393
0.0786912
0.0707724
0.0571478
0.0407127
0.0245079
0.0112248
0.00276977
7.10033e-07
0.00272651
0.00994451
0.0200558
0.0316723
0.0435219
0.054479
0.0636863
0.0706965
0.0753576
0.0775671
0.0773646
0.0750183
0.0710665
0.0656545
0.05913
0.0518502
0.0441686
0.000247637
0.0108635
0.0314956
0.0535443
0.0704744
0.0789627
0.0783815
0.0699366
0.0559677
0.0394126
0.023318
0.0103411
0.00232037
2.81145e-05
0.00319223
0.0107514
0.0210764
0.0327817
0.0446082
0.0554511
0.0644798
0.0712768
0.0757057
0.0776776
0.0772452
0.0746895
0.0705589
0.0649997
0.0583631
0.0510084
0.0432893
0.000497443
0.0121253
0.0331869
0.055085
0.0714807
0.0792684
0.0779921
0.0689778
0.054646
0.0379788
0.0220253
0.00940211
0.00186949
0.000104439
0.00374639
0.0116715
0.0222202
0.0340117
0.045802
0.0565104
0.0653364
0.0718944
0.0760654
0.0777749
0.0770902
0.0743056
0.0699807
0.0642627
0.0575066
0.0500736
0.0423179
0.000868085
0.0135673
0.0350483
0.0567404
0.0725273
0.0795412
0.0775096
0.0678872
0.0531797
0.036414
0.0206384
0.0084202
0.00143118
0.000243017
0.00439974
0.0127121
0.0234905
0.0353618
0.0471002
0.057652
0.0662493
0.072542
0.076429
0.0778517
0.0768927
0.0738608
0.0693271
0.0634401
0.0565584
0.0490452
0.0412548
0.00138409
0.0152015
0.0370778
0.0584982
0.0735979
0.0797643
0.0769201
0.0666558
0.0515662
0.0347226
0.0191673
0.00740942
0.0010209
0.000458139
0.00516351
0.0138803
0.0248904
0.0368314
0.0484991
0.0588695
0.0672112
0.0732116
0.0767886
0.0779004
0.0766458
0.0733492
0.0685937
0.0625287
0.0555167
0.0479228
0.0401012
0.00207083
0.0170388
0.0392715
0.060345
0.0746742
0.0799199
0.0762093
0.0652749
0.0498037
0.0329099
0.0176239
0.0063855
0.000655413
0.000764934
0.00604921
0.015183
0.0264222
0.0384191
0.049994
0.0601565
0.0682139
0.0738943
0.0771353
0.0779126
0.0763422
0.0727645
0.0677755
0.0615251
0.0543798
0.0467064
0.0388587
0.00295412
0.0190882
0.0416229
0.0622647
0.0757369
0.0799891
0.0753624
0.0637366
0.047892
0.0309836
0.0160218
0.00536595
0.000352807
0.0011792
0.00706851
0.0166268
0.0280878
0.0401222
0.0515794
0.061505
0.0692486
0.0745808
0.07746
0.0778797
0.0759743
0.0721007
0.0668678
0.0604263
0.0531464
0.0453963
0.0375293
0.00405961
0.021357
0.0441233
0.0642389
0.0767642
0.0799522
0.0743649
0.0620332
0.0458319
0.0289528
0.0143767
0.00436984
0.0001323
0.0017173
0.0082328
0.0182178
0.0298881
0.0419378
0.0532486
0.0629065
0.0703053
0.0752609
0.0777525
0.0777927
0.075534
0.0713511
0.0658659
0.0592293
0.0518154
0.0439935
0.0361156
0.0054122
0.0238498
0.0467605
0.0662469
0.0777334
0.0797889
0.0732023
0.0601585
0.0436265
0.026829
0.0127067
0.00341821
1.41719e-05
0.00239579
0.00955331
0.0199612
0.0318229
0.0438613
0.0549944
0.0643512
0.0713734
0.0759238
0.0780028
0.0776422
0.0750138
0.0705098
0.0647655
0.0579319
0.0503864
0.0424994
0.034621
0.00703527
0.0265677
0.0495197
0.0682655
0.0786202
0.0794785
0.0718608
0.0581077
0.0412807
0.0246259
0.0110316
0.00253352
1.95533e-05
0.00323136
0.0110406
0.0218611
0.033891
0.045887
0.0568078
0.0658288
0.0724417
0.0765582
0.0782002
0.0774188
0.0744053
0.0695704
0.0635624
0.0565319
0.0488596
0.0409161
0.0330495
0.0089497
0.0295082
0.052382
0.0702692
0.079399
0.0790003
0.0703276
0.0558781
0.0388018
0.0223602
0.00937395
0.00174004
0.000170232
0.0042404
0.0127044
0.0239207
0.0360899
0.0480081
0.0586789
0.0673278
0.073498
0.0771523
0.0783338
0.077113
0.0737012
0.0685275
0.062253
0.055028
0.0472357
0.0392467
0.031406
0.0111731
0.0326644
0.0553253
0.0722302
0.0800434
0.0783336
0.0685911
0.0534686
0.0362001
0.020051
0.00775843
0.00106326
0.000488375
0.00543885
0.0145531
0.0261414
0.0384151
0.0502161
0.0605969
0.0688355
0.0745296
0.0776939
0.0783923
0.076715
0.0728936
0.0673754
0.0608343
0.0534193
0.0455161
0.0374947
0.0296963
0.0137192
0.0360244
0.0583238
0.0741188
0.0805264
0.0774588
0.0666417
0.0508812
0.0334888
0.0177205
0.00621211
0.00053004
0.000996277
0.00684175
0.0165939
0.0285231
0.0408611
0.0525013
0.0625495
0.0703388
0.0755232
0.0781705
0.0783647
0.0762158
0.0719754
0.0661093
0.0593038
0.051706
0.0437036
0.0356649
0.027927
0.0165965
0.0395713
0.0613479
0.0759031
0.0808208
0.0763571
0.0644718
0.0481207
0.0306843
0.015394
0.00476407
0.000168121
0.00171593
0.00846296
0.0188323
0.0310636
0.0434201
0.0548525
0.0645233
0.0718236
0.0764651
0.0785692
0.0782398
0.0756062
0.0709399
0.0647253
0.0576599
0.049889
0.0418013
0.0337631
0.0261059
0.0198073
0.043283
0.0643649
0.0775504
0.0808996
0.0750114
0.0620764
0.0451954
0.0278068
0.0130997
0.0034456
6.00416e-06
0.00266875
0.0103148
0.0212712
0.033759
0.0460828
0.0572569
0.066504
0.0732753
0.0773413
0.0788777
0.078007
0.0748774
0.069781
0.0632199
0.055902
0.0479702
0.0398138
0.0317959
0.0242417
0.0233473
0.0471313
0.0673386
0.0790264
0.0807364
0.0734067
0.059454
0.0421172
0.02488
0.0108693
0.00228974
7.24475e-05
0.00387513
0.0124077
0.0239122
0.0366029
0.0488381
0.0597003
0.0684761
0.0746783
0.0781372
0.0790829
0.0776555
0.0740218
0.0684936
0.0615906
0.0540303
0.0459527
0.0377465
0.029771
0.022344
0.027205
0.0510828
0.07023
0.0802967
0.0803065
0.0715305
0.0566063
0.0389021
0.021932
0.00873711
0.00133116
0.000396108
0.00535382
0.0147498
0.0267536
0.0395869
0.0516726
0.0621672
0.0704233
0.076017
0.0788387
0.0791727
0.0771755
0.073032
0.0670732
0.0598359
0.0520463
0.0438405
0.0356061
0.0276975
0.0204239
0.0313602
0.0550988
0.0729983
0.0813267
0.0795865
0.0693734
0.053539
0.0355707
0.0189943
0.00674066
0.000605624
0.00100505
0.00712191
0.0173463
0.0297914
0.0426998
0.0545714
0.0646407
0.0723289
0.0772754
0.0794317
0.0791353
0.0765579
0.0719015
0.0655163
0.0579555
0.0499524
0.0416389
0.0334006
0.0255855
0.0184933
0.0357848
0.0591354
0.0756005
0.0820828
0.0785554
0.0669297
0.0502623
0.0321479
0.0161033
0.00492002
0.000149774
0.00192617
0.00919375
0.0202001
0.0330185
0.0459285
0.0575179
0.0671031
0.0741749
0.0784376
0.0799022
0.0789594
0.0757942
0.070625
0.0638208
0.0559503
0.0477525
0.0393546
0.031139
0.0234464
0.0165654
0.040442
0.0631448
0.0779929
0.0825327
0.0771955
0.0641977
0.0467913
0.0286637
0.0132986
0.00331777
3.76297e-07
0.00318472
0.0115809
0.0233101
0.0364248
0.0492572
0.0604936
0.0695354
0.075944
0.0794876
0.0802371
0.0786345
0.0748769
0.0691985
0.0619857
0.0538224
0.0454517
0.0369955
0.0288317
0.0212926
0.0146545
0.0452869
0.0670751
0.0801319
0.0826461
0.0754924
0.06118
0.0431462
0.0251533
0.0106247
0.00197844
0.000193896
0.00480354
0.0142914
0.0266719
0.0399976
0.0526681
0.063479
0.0719183
0.077618
0.0804102
0.0804239
0.0781515
0.0738001
0.0676186
0.0600112
0.0515752
0.0430564
0.0345706
0.0264904
0.019138
0.012776
0.0502668
0.0708721
0.0819743
0.0823954
0.0734359
0.0578848
0.0393523
0.0216569
0.00812946
0.000948159
0.000765752
0.00680246
0.0173296
0.0302775
0.0437204
0.0561411
0.0664532
0.0742319
0.0791794
0.0811903
0.0804509
0.0775017
0.0725584
0.0658839
0.0578988
0.0492134
0.0405742
0.0320907
0.0241281
0.0169977
0.0109466
0.0553223
0.07448
0.0834789
0.0817569
0.0710202
0.0543249
0.0354413
0.0182202
0.00586449
0.000273965
0.00174955
0.00919775
0.0206955
0.0341149
0.0475746
0.0596546
0.0693944
0.0764563
0.080611
0.0818144
0.0803077
0.0766783
0.0711483
0.0639939
0.0556516
0.0467433
0.0380145
0.0295674
0.0217592
0.0148881
0.00918415
0.060388
0.0778427
0.0846069
0.0807106
0.0682448
0.0505198
0.0314508
0.0148942
0.00388477
3.16191e-06
0.00317624
0.0120012
0.0243844
0.0381685
0.0515388
0.0631852
0.0722805
0.0785718
0.0818966
0.0822695
0.0799852
0.0756756
0.0695677
0.0619499
0.053274
0.0441725
0.0353878
0.0270143
0.0193995
0.012827
0.00750794
0.0653944
0.0809048
0.0853229
0.0792412
0.0651144
0.0464943
0.0274246
0.0117355
0.00224807
0.000182385
0.00507318
0.0152197
0.0283869
0.0424184
0.0555883
0.0667087
0.0750891
0.0805592
0.0830206
0.0825441
0.0794757
0.0744893
0.0678155
0.059754
0.0507716
0.0415098
0.0327059
0.024446
0.0170662
0.0108335
0.00593847
0.0702694
0.0836135
0.0855958
0.0773383
0.0616395
0.04228
0.0234134
0.00880578
0.00101433
0.000856624
0.00746334
0.0188548
0.0326887
0.0468418
0.0596978
0.0701999
0.0777981
0.0824005
0.0839691
0.0826283
0.0787729
0.0731167
0.0658924
0.0574103
0.0481512
0.0387653
0.0299822
0.0218789
0.014778
0.00892839
0.00449774
0.0749405
0.0859191
0.0853993
0.0749972
0.0578365
0.0379157
0.0194749
0.00617212
0.00024488
0.00206812
0.0103641
0.0229018
0.0372705
0.0514123
0.0638396
0.073634
0.0803865
0.0840789
0.0847296
0.0825136
0.077872
0.0715565
0.0638001
0.0549236
0.0454216
0.035951
0.0272316
0.0193305
0.0125555
0.0071341
0.00320929
0.0793358
0.0877764
0.0847123
0.0722188
0.0537286
0.0334474
0.0156742
0.00390647
1.35275e-06
0.00385501
0.0137867
0.0273499
0.0421084
0.0561012
0.0679855
0.0769859
0.082834
0.085579
0.0852913
0.0821933
0.0767699
0.0698086
0.0615417
0.0523003
0.042592
0.0330797
0.0244706
0.016821
0.0104209
0.00547497
0.00209846
0.0833868
0.0891455
0.0835192
0.0690092
0.0493455
0.0289291
0.012084
0.0020848
0.000344367
0.00625001
0.0177349
0.0321821
0.0471744
0.0608774
0.0721068
0.080232
0.0851221
0.0868874
0.0856452
0.0816621
0.0754648
0.0678741
0.0591214
0.0495476
0.0396734
0.0301661
0.0217173
0.0143715
0.00839864
0.00397715
0.00119229
0.0870297
0.0899925
0.0818102
0.0653809
0.0447245
0.0244241
0.00878486
0.000786707
0.00133197
0.00927908
0.022205
0.0373748
0.0524365
0.0657089
0.0761754
0.0833499
0.0872343
0.0879925
0.0857841
0.0809165
0.0739561
0.0657555
0.0565443
0.046674
0.036678
0.0272264
0.018992
0.0120061
0.00651542
0.00266925
0.000519936
0.0902069
0.0902897
0.0795808
0.0613525
0.039911
0.0200049
0.00586542
9.38391e-05
0.00301772
0.0129598
0.0271851
0.0428991
0.0578601
0.0705631
0.0801645
0.0863192
0.0891562
0.0888849
0.0857024
0.0799541
0.072244
0.0634555
0.0538165
0.0436891
0.0336194
0.0242789
0.0163173
0.00975126
0.0048007
0.00158236
0.000112697
0.0928676
0.0900154
0.0768318
0.0569488
0.0349599
0.0157553
0.00342193
8.82715e-05
0.00544875
0.0173006
0.0326546
0.0487206
0.0634087
0.0754075
0.0840486
0.0891216
0.0908754
0.089557
0.0853961
0.0787734
0.0703295
0.0609777
0.0509446
0.0406034
0.0305129
0.0213439
0.0137185
0.00763632
0.00328682
0.00075028
4.16296e-06
0.0949689
0.0891539
0.0735691
0.0522023
0.0299367
0.0117709
0.00155736
0.000850247
0.00866354
0.0222993
0.0385855
0.0548009
0.0690448
0.0802116
0.0878054
0.091742
0.0923824
0.0900033
0.0848626
0.0773741
0.0682145
0.0583265
0.0479361
0.0374291
0.0273762
0.0184447
0.0112241
0.00569429
0.00200965
0.00020985
0.000230337
0.0964756
0.0876943
0.0698038
0.0471534
0.02492
0.0081594
0.00038019
0.00245545
0.0126897
0.0279429
0.0449421
0.0610988
0.0747315
0.0849469
0.0914146
0.0941675
0.0936695
0.0902196
0.0840997
0.0757556
0.0659003
0.0555061
0.0447995
0.0341796
0.0242289
0.0156078
0.00886656
0.00396214
0.00100872
1.09832e-06
0.000829674
0.0973592
0.0856302
0.065552
0.0418532
0.0200032
0.0050419
1.88114e-06
0.00497177
0.0175424
0.0342074
0.051683
0.0675712
0.0804334
0.0895878
0.0948601
0.0963885
0.0947315
0.0902029
0.0831059
0.0739177
0.0633885
0.052521
0.0415441
0.0308708
0.0210944
0.012864
0.00668297
0.0024814
0.000327742
0.00016739
0.001843
0.0975974
0.0829586
0.0608358
0.0363655
0.0152968
0.00255165
0.000533807
0.00845602
0.0232227
0.0410589
0.058762
0.0741756
0.0861178
0.0941124
0.0981285
0.0983977
0.0955641
0.0899506
0.0818793
0.0718593
0.0606802
0.0493766
0.0381809
0.0275215
0.0180001
0.0102489
0.00471553
0.00129862
1.47247e-05
0.000755467
0.00331348
0.097172
0.079679
0.0556856
0.0307701
0.0109307
0.000832681
0.00208297
0.0129507
0.0297167
0.0484539
0.06613
0.0808709
0.091756
0.0985031
0.10121
0.10019
0.0961643
0.08946
0.080417
0.0695785
0.0577762
0.0460785
0.0347232
0.0241539
0.0149783
0.00780424
0.00301269
0.000465953
0.000122277
0.00181535
0.00528624
0.0960678
0.075794
0.0501415
0.0251672
0.00705572
3.66767e-05
0.00474715
0.0184808
0.0369962
0.056342
0.0737379
0.0876197
0.0973237
0.102746
0.104099
0.101762
0.0965289
0.0887273
0.0787149
0.067072
0.0546773
0.0426342
0.0311873
0.0207955
0.0120678
0.00557849
0.00162959
4.14144e-05
0.000707531
0.00340011
0.00780806
0.0942699
0.0713096
0.0442584
0.0196811
0.00384342
0.00031831
0.00860954
0.0250521
0.0450195
0.064668
0.0815378
0.0943887
0.102802
0.106833
0.106789
0.10311
0.0966542
0.0877472
0.076767
0.0643359
0.0513842
0.0390528
0.0275941
0.01748
0.00931518
0.00362821
0.000628739
8.91111e-05
0.00183203
0.00556552
0.0109271
0.0917635
0.0662379
0.0381109
0.0144653
0.00148464
0.00182876
0.0137335
0.0326497
0.0537334
0.0733749
0.089486
0.101151
0.108177
0.110757
0.10928
0.104231
0.0965346
0.0865119
0.0745652
0.0613649
0.0478992
0.0353476
0.0239703
0.0142494
0.00677576
0.002019
8.05474e-05
0.000679182
0.00356129
0.00836946
0.014692
0.088532
0.0606
0.0317996
0.00970462
0.000185606
0.00470811
0.020158
0.0412398
0.0630767
0.0824067
0.0975441
0.107886
0.11344
0.114516
0.111568
0.105121
0.096162
0.0850108
0.0720991
0.0581535
0.0442264
0.0315366
0.0203505
0.0111549
0.00451548
0.000826084
6.33867e-05
0.00188749
0.00596426
0.0118712
0.0191517
0.084559
0.0544318
0.0254587
0.00561832
0.0001607
0.00907685
0.0278953
0.0507702
0.072984
0.0917116
0.105681
0.114579
0.118587
0.11811
0.113651
0.105773
0.0955247
0.08323
0.0693565
0.0546964
0.0403739
0.027645
0.0167792
0.00825959
0.00261195
0.00013503
0.000663544
0.00379504
0.00911239
0.0161307
0.0243542
0.0798294
0.0477921
0.0192628
0.00245752
0.00162295
0.0150277
0.0369287
0.0611756
0.0833895
0.101245
0.113875
0.121224
0.123618
0.121537
0.115525
0.106174
0.0946069
0.0811518
0.0663237
0.0509906
0.0363554
0.0237075
0.0133131
0.00563996
0.00115545
4.18206e-05
0.0019747
0.00648709
0.0130789
0.0212079
0.0303469
0.0743353
0.0407717
0.0134346
0.000500613
0.00477184
0.0226186
0.0472156
0.0723814
0.0942313
0.11097
0.12211
0.127819
0.128535
0.124796
0.11718
0.106311
0.0933885
0.0787564
0.0629869
0.047037
0.0321932
0.0197712
0.0100237
0.00338758
0.000249774
0.000652662
0.00409691
0.0100518
0.017937
0.027161
0.0371753
0.0680819
0.0335045
0.00824766
4.33967e-05
0.00978037
0.0318695
0.0586903
0.0843103
0.105455
0.120862
0.130382
0.134366
0.13334
0.127884
0.118605
0.106163
0.0918443
0.0760204
0.0593337
0.0428423
0.0279207
0.0158976
0.00699904
0.00161035
1.22269e-05
0.00208312
0.00713539
0.0145788
0.0237596
0.0340472
0.0448833
0.0610977
0.0261792
0.00402735
0.00138453
0.0167819
0.0427603
0.0712706
0.0968878
0.117019
0.130905
0.138692
0.140871
0.138034
0.130792
0.11978
0.105702
0.0899456
0.0729204
0.0553553
0.0384226
0.0235859
0.0121673
0.00434686
0.000433565
0.0005733
0.00445665
0.0111985
0.0201575
0.030617
0.0419205
0.0535127
0.0534474
0.0190508
0.00114477
0.00480714
0.0258604
0.0552351
0.084866
0.110047
0.12889
0.141096
0.147046
0.147341
0.142617
0.133508
0.120683
0.104896
0.0876597
0.069433
0.0510491
0.0338067
0.0192547
0.00868119
0.00219542
5.50753e-08
0.00207542
0.00790281
0.016396
0.026876
0.0385772
0.0508327
0.063104
0.0452462
0.012449
3.95989e-06
0.0105581
0.0370448
0.069209
0.0993855
0.123734
0.141054
0.151438
0.155455
0.153782
0.147082
0.136013
0.121281
0.103709
0.0849522
0.0655383
0.0464222
0.0290401
0.0150152
0.00556457
0.000695306
0.00046956
0.004671
0.0125545
0.0228363
0.0348183
0.0477039
0.0608328
0.0736968
0.0366776
0.00678202
0.00102089
0.0188285
0.0503079
0.0845777
0.114745
0.137911
0.153505
0.161944
0.163933
0.160197
0.151419
0.13828
0.121536
0.102098
0.0817882
0.0612218
0.0414954
0.0241891
0.0109815
0.00296913
1.95067e-05
0.00201706
0.00851965
0.0185453
0.0306248
0.0440643
0.0580569
0.0719673
0.0853301
0.0280105
0.00253224
0.00459595
0.0297378
0.065574
0.10123
0.130874
0.152556
0.166253
0.172632
0.172491
0.166585
0.15561
0.140277
0.121406
0.10002
0.0781357
0.0564794
0.0363073
0.0193458
0.00729713
0.00107445
0.000362543
0.00483005
0.0137845
0.0260059
0.0398609
0.0546879
0.0696924
0.0842814
0.0980444
0.0196149
0.000240831
0.0110827
0.043327
0.0827314
0.119057
0.147723
0.167666
0.179315
0.183521
0.181141
0.17294
0.159631
0.141963
0.120842
0.0974273
0.0739674
0.0513202
0.0309201
0.0146331
0.00413815
8.83576e-05
0.00193835
0.00910475
0.0206288
0.0350617
0.0506376
0.0667573
0.0826629
0.0978199
0.111882
0.011973
0.000480701
0.0207566
0.0595575
0.101644
0.137966
0.16526
0.18325
0.192716
0.194633
0.189888
0.179251
0.163452
0.143294
0.119792
0.0942766
0.0692649
0.0457719
0.0254245
0.0102087
0.00171558
0.000246256
0.00497661
0.0150413
0.0292104
0.0458293
0.0630391
0.0803351
0.0970188
0.112629
0.126889
0.00568061
0.00381747
0.0337918
0.0783245
0.122173
0.157883
0.183476
0.19933
0.206484
0.205987
0.198735
0.1855
0.167037
0.144221
0.118202
0.0905278
0.064023
0.0398864
0.0199454
0.00627025
0.000276344
0.00180821
0.00971772
0.0228382
0.0396789
0.0584155
0.0771417
0.0954793
0.11281
0.128756
0.143117
0.0014359
0.0107618
0.0502474
0.0994751
0.144187
0.178761
0.20238
0.215938
0.220649
0.217599
0.20768
0.191666
0.170346
0.14469
0.116021
0.0861482
0.058254
0.0337461
0.0146487
0.00305822
0.000102289
0.0050544
0.0164063
0.0326867
0.0521717
0.0729144
0.093013
0.112244
0.130086
0.146253
0.160622
8.45633e-06
0.0217224
0.0700705
0.12283
0.167579
0.200576
0.221995
0.23311
0.235242
0.229485
0.21672
0.197725
0.173338
0.144648
0.113197
0.0811155
0.0519936
0.0274699
0.00974624
0.000858245
0.00150728
0.0102784
0.0252836
0.0447648
0.0668099
0.0894086
0.110714
0.130682
0.1489
0.165177
0.179465
0.00219055
0.0369646
0.0931137
0.148206
0.192267
0.223328
0.242354
0.250884
0.250291
0.241658
0.22585
0.203653
0.175971
0.144044
0.109686
0.0754229
0.0453063
0.0212204
0.00550185
1.20711e-06
0.00483151
0.0177786
0.0365798
0.0592323
0.0836988
0.107969
0.130301
0.150845
0.169307
0.18559
0.199715
0.00873039
0.056589
0.119164
0.175441
0.218201
0.247033
0.263498
0.269299
0.265825
0.254132
0.235065
0.209428
0.178204
0.142828
0.105453
0.0690835
0.038293
0.0152123
0.00223432
0.000860602
0.0104335
0.0278487
0.0505068
0.0762281
0.102926
0.128658
0.151827
0.172788
0.191367
0.207557
0.221445
0.0202573
0.080532
0.147974
0.204398
0.245356
0.271719
0.285468
0.288395
0.281873
0.266923
0.244368
0.215032
0.180005
0.140959
0.100472
0.0621349
0.0310986
0.00971865
0.000320776
0.00384691
0.0186787
0.0407663
0.0672505
0.0958664
0.124564
0.151527
0.175342
0.196565
0.215142
0.231148
0.244727
0.0372134
0.108591
0.179297
0.234973
0.273726
0.297418
0.308305
0.30821
0.298469
0.280056
0.25377
0.220459
0.181344
0.1384
0.0947324
0.0546448
0.0239195
0.00507773
0.000195236
0.00939833
0.0299271
0.0567839
0.086967
0.118238
0.148668
0.176625
0.200894
0.222233
0.240695
0.256431
0.269636
0.0598087
0.140465
0.212907
0.267092
0.303318
0.324165
0.33205
0.328787
0.315654
0.293568
0.263294
0.225713
0.182205
0.135126
0.0882399
0.04672
0.0170151
0.0017002
0.00234482
0.0179673
0.0445183
0.0761181
0.109779
0.143409
0.175284
0.203992
0.228532
0.249846
0.268088
0.283474
0.296241
0.0880047
0.175803
0.248609
0.300705
0.33414
0.351987
0.356743
0.350174
0.333483
0.307513
0.272985
0.230817
0.182584
0.13112
0.081022
0.038512
0.0107151
7.04329e-05
0.00730097
0.0300047
0.0627582
0.0989444
0.135774
0.171426
0.204444
0.233664
0.258298
0.279454
0.297374
0.312333
0.3246
0.121548
0.214245
0.286244
0.335768
0.366192
0.380907
0.382422
0.372427
0.352026
0.321966
0.28291
0.235811
0.182489
0.12638
0.0731302
0.0302272
0.00543098
0.000748208
0.0156256
0.0459408
0.0849064
0.125393
0.165011
0.202317
0.236171
0.265669
0.290226
0.311096
0.328597
0.343051
0.354758
0.160019
0.255453
0.325672
0.372232
0.399464
0.41094
0.40913
0.395618
0.371376
0.337031
0.293164
0.240764
0.18195
0.120918
0.0646456
0.022138
0.00166586
0.00436372
0.0278918
0.0661647
0.111164
0.155544
0.197511
0.236086
0.270472
0.300018
0.324332
0.34479
0.361775
0.375648
0.386733
0.20291
0.299123
0.366765
0.410037
0.433928
0.442094
0.436917
0.419835
0.391657
0.352848
0.303881
0.245775
0.181011
0.114759
0.0556832
0.0145959
2.22054e-05
0.0116072
0.0446609
0.0910088
0.141673
0.189438
0.233274
0.272723
0.307337
0.336706
0.360612
0.380531
0.396901
0.410115
0.420517
0.249677
0.344973
0.409375
0.449091
0.469537
0.47437
0.465837
0.445186
0.41302
0.369598
0.315239
0.250981
0.179747
0.107945
0.0463999
0.00804661
0.00120794
0.0232114
0.0664566
0.120729
0.176508
0.227065
0.272263
0.312187
0.346726
0.375692
0.399022
0.418272
0.433926
0.446404
0.456065
0.299788
0.392723
0.453331
0.489271
0.506219
0.50776
0.49595
0.471803
0.435656
0.387507
0.327469
0.256567
0.178254
0.100532
0.0370024
0.00304832
0.00603756
0.0399256
0.0937355
0.155501
0.215683
0.268377
0.314411
0.354405
0.38856
0.416889
0.439469
0.457917
0.472752
0.484419
0.493284
0.352734
0.442078
0.49841
0.530415
0.543882
0.542248
0.527325
0.499835
0.459792
0.40686
0.340864
0.262774
0.176665
0.092595
0.027758
0.000291459
0.0154279
0.0624877
0.126868
0.19541
0.259144
0.313274
0.359604
0.399253
0.432706
0.460154
0.481804
0.499311
0.513226
0.524008
0.532032
0.408004
0.492693
0.544341
0.572318
0.582399
0.577797
0.560024
0.52945
0.485696
0.428001
0.3558
0.269919
0.175154
0.0842227
0.0190114
0.000624477
0.0303829
0.0915806
0.166112
0.240448
0.306779
0.361605
0.407668
0.446541
0.478956
0.505268
0.525799
0.542226
0.555123
0.564956
0.572105
0.465076
0.544159
0.59079
0.614731
0.621612
0.61435
0.594101
0.560823
0.51367
0.451346
0.372746
0.278414
0.173947
0.0755207
0.0112066
0.00507959
0.0519713
0.127803
0.211611
0.290521
0.358399
0.413143
0.45835
0.49599
0.527014
0.551923
0.571147
0.586358
0.598146
0.606979
0.613233
0.523352
0.59599
0.637362
0.657353
0.661317
0.651807
0.629575
0.594121
0.544043
0.477381
0.392287
0.288801
0.173341
0.0666078
0.00492059
0.0149028
0.0812889
0.171628
0.263376
0.345438
0.413729
0.467564
0.511291
0.547216
0.576479
0.599711
0.617441
0.631311
0.641913
0.649711
0.65507
0.582156
0.647621
0.6836
0.699828
0.701254
0.690011
0.666417
0.629477
0.577155
0.506662
0.415152
0.301793
0.173735
0.0576188
0.000913971
0.0315816
0.119411
0.223375
0.321287
0.404892
0.47237
0.524415
0.565999
0.599705
0.62683
0.648121
0.664184
0.676605
0.685965
0.692714
0.697199
0.6407
0.698407
0.728993
0.741741
0.741093
0.728724
0.704514
0.666958
0.61332
0.53981
0.442231
0.318338
0.175681
0.0486953
0.000211469
0.0568743
0.167339
0.283195
0.385075
0.468428
0.53377
0.583082
0.62183
0.652804
0.677428
0.696532
0.710781
0.72167
0.729757
0.735466
0.739119
0.698082
0.747645
0.772969
0.782614
0.780417
0.767597
0.743627
0.706508
0.652776
0.577469
0.474603
0.339712
0.179961
0.0399912
0.00423121
0.0928146
0.225929
0.351025
0.454277
0.535388
0.597152
0.642744
0.677959
0.705713
0.727504
0.744216
0.75654
0.765848
0.77266
0.777365
0.780249
0.753325
0.794585
0.814914
0.821896
0.818712
0.806153
0.783348
0.747885
0.695599
0.620236
0.513535
0.367638
0.187742
0.0316654
0.0149992
0.141711
0.295835
0.426557
0.528156
0.604822
0.661488
0.702367
0.733392
0.757494
0.776186
0.79036
0.800699
0.808419
0.813987
0.817745
0.819943
0.805386
0.838447
0.854176
0.858974
0.855359
0.843755
0.823054
0.79057
0.741575
0.668527
0.560422
0.404452
0.200843
0.0238796
0.0355033
0.206094
0.377412
0.509115
0.605574
0.675401
0.725432
0.76068
0.786961
0.80709
0.822514
0.834085
0.842436
0.848606
0.852992
0.855885
0.857493
0.853199
0.878456
0.890075
0.893174
0.889634
0.879598
0.861862
0.833674
0.790027
0.722334
0.616622
0.453256
0.222245
0.0167954
0.0702936
0.288576
0.470527
0.597407
0.684791
0.745327
0.787318
0.816204
0.837367
0.853356
0.86547
0.874467
0.880899
0.885602
0.888902
0.891028
0.892147
0.89573
0.91385
0.921932
0.923787
0.920726
0.912715
0.898612
0.875858
0.839598
0.78082
0.682991
0.518
0.257087
0.0105873
0.126451
0.391569
0.574147
0.689139
0.763261
0.812283
0.845183
0.867292
0.883225
0.895112
0.904024
0.910586
0.915236
0.918605
0.920939
0.922412
0.923143
0.932015
0.943917
0.949085
0.950094
0.947776
0.942025
0.931895
0.915295
0.888052
0.841775
0.758941
0.603023
0.314583
0.00544355
0.215025
0.516542
0.685404
0.780453
0.837483
0.873457
0.896845
0.912223
0.923141
0.931195
0.937182
0.941555
0.944631
0.946843
0.948359
0.949296
0.949736
0.961197
0.968026
0.970928
0.971407
0.96993
0.966387
0.960135
0.949735
0.932196
0.901001
0.840667
0.710959
0.411503
0.00165212
0.352558
0.661727
0.797879
0.8654
0.903033
0.925722
0.940057
0.949308
0.955794
0.960536
0.964034
0.966572
0.968349
0.969617
0.970479
0.971002
0.971236
0.982574
0.985652
0.986938
0.98712
0.986405
0.984722
0.981748
0.976739
0.968098
0.952109
0.918851
0.836115
0.575663
2.39174e-06
0.559459
0.815808
0.899605
0.935977
0.954924
0.965924
0.972715
0.977035
0.980034
0.982211
0.98381
0.984965
0.985769
0.986341
0.986726
0.986958
0.987057
0.995616
0.996393
0.996713
0.996754
0.996565
0.996128
0.995353
0.994037
0.99173
0.987352
0.977727
0.950588
0.825312
0.00611288
0.831832
0.946319
0.972938
0.98328
0.98841
0.991313
0.993079
0.994192
0.99496
0.995515
0.995921
0.996212
0.996416
0.99656
0.996657
0.996714
0.996738
1
1
1
1
1
1
nan
1
1
1
1
1
1
1
1
1
1
1
1
1
1
1
1
1
1
1
1
1
1
1
1
