0.99975
0.994334
0.976355
0.954113
0.934953
0.923239
0.920459
0.926026
0.938018
0.953748
0.97023
0.984663
0.994879
0.999666
0.998863
0.993201
0.984121
0.973002
0.961159
0.949797
0.939888
0.932004
0.926369
0.923147
0.922357
0.923787
0.926945
0.931692
0.937697
0.944614
0.952092
0.99976
0.994289
0.976279
0.954035
0.934893
0.923211
0.920465
0.926062
0.938076
0.953816
0.970297
0.984717
0.994912
0.999675
0.998848
0.993165
0.984071
0.972946
0.961101
0.949743
0.939842
0.931968
0.926345
0.923135
0.922358
0.923799
0.926967
0.931723
0.937735
0.944657
0.952138
0.999789
0.994154
0.97605
0.953799
0.934716
0.923127
0.920483
0.926169
0.938249
0.95402
0.970496
0.984879
0.995012
0.9997
0.9988
0.993058
0.983922
0.972774
0.960926
0.949582
0.939704
0.931862
0.926274
0.923102
0.922361
0.923837
0.927036
0.931817
0.93785
0.944786
0.952276
0.999832
0.993926
0.975667
0.953406
0.934423
0.92299
0.920515
0.926351
0.938538
0.954361
0.970828
0.985146
0.995175
0.99974
0.998719
0.992876
0.983672
0.972489
0.960636
0.949312
0.939476
0.931686
0.926158
0.923048
0.922369
0.923902
0.927151
0.931975
0.938042
0.945002
0.952506
0.999885
0.9936
0.975129
0.952858
0.934016
0.922804
0.920566
0.92661
0.938945
0.954839
0.971291
0.985518
0.995399
0.99979
0.998601
0.992619
0.98332
0.972088
0.960229
0.948937
0.939158
0.931442
0.925997
0.922974
0.922382
0.923995
0.927314
0.932198
0.938311
0.945305
0.952828
0.999938
0.99317
0.974434
0.952157
0.933501
0.922573
0.920639
0.926949
0.939473
0.955453
0.971884
0.98599
0.995679
0.999847
0.998443
0.992283
0.982864
0.971571
0.959707
0.948456
0.938752
0.931132
0.925794
0.922884
0.922402
0.924119
0.927527
0.932486
0.938659
0.945695
0.953243
0.999981
0.992627
0.973579
0.951304
0.932882
0.922304
0.920741
0.927374
0.940124
0.956206
0.972603
0.986558
0.99601
0.999905
0.998237
0.991864
0.982302
0.970938
0.95907
0.947872
0.938262
0.930759
0.925553
0.922781
0.922434
0.924276
0.927793
0.932843
0.939087
0.946174
0.953751
1
0.991964
0.97256
0.950302
0.932166
0.922006
0.920881
0.927891
0.940902
0.957096
0.973448
0.987216
0.996385
0.999955
0.997979
0.991357
0.98163
0.970187
0.958319
0.947186
0.937689
0.930327
0.925277
0.922668
0.92248
0.924469
0.928113
0.93327
0.939597
0.946742
0.954352
0.99998
0.991169
0.971377
0.949157
0.931361
0.921688
0.921067
0.928506
0.94181
0.958123
0.974412
0.987958
0.996795
0.99999
0.997661
0.990756
0.980845
0.969317
0.957455
0.946401
0.937038
0.92984
0.924972
0.92255
0.922546
0.924703
0.928492
0.93377
0.940191
0.9474
0.955045
0.999904
0.99023
0.970025
0.947872
0.930477
0.921361
0.921309
0.929228
0.942852
0.959287
0.975492
0.988775
0.99723
0.999999
0.997274
0.990056
0.979944
0.968328
0.956478
0.945521
0.936314
0.929304
0.924642
0.922433
0.922635
0.924982
0.928934
0.934345
0.94087
0.94815
0.955831
0.999752
0.989136
0.968504
0.946456
0.929526
0.921037
0.921618
0.930063
0.944032
0.960587
0.976682
0.989659
0.99768
0.999972
0.996808
0.989249
0.978924
0.967218
0.955392
0.944549
0.93552
0.928723
0.924294
0.922322
0.922755
0.92531
0.929441
0.935
0.941637
0.948992
0.956711
0.999503
0.987875
0.966813
0.944915
0.928519
0.920732
0.922008
0.931022
0.945354
0.962021
0.977975
0.990598
0.998131
0.999896
0.996254
0.988328
0.97778
0.965988
0.954198
0.94349
0.934664
0.928106
0.923935
0.922225
0.92291
0.925694
0.930019
0.935737
0.942493
0.949926
0.957682
0.999132
0.986433
0.964952
0.94326
0.927473
0.920459
0.92249
0.932113
0.94682
0.963586
0.979362
0.99158
0.998569
0.999757
0.9956
0.987288
0.976509
0.964638
0.9529
0.942348
0.933751
0.927458
0.923571
0.922148
0.923107
0.926139
0.930673
0.93656
0.943442
0.950955
0.958745
0.998616
0.984798
0.962922
0.941502
0.926402
0.920236
0.92308
0.933344
0.948434
0.965277
0.980833
0.992591
0.998979
0.999542
0.994837
0.98612
0.97511
0.963169
0.951501
0.94113
0.932789
0.926788
0.923211
0.9221
0.923354
0.926651
0.931406
0.937471
0.944483
0.952077
0.959899
0.997929
0.982961
0.960729
0.939655
0.925326
0.92008
0.923791
0.934725
0.950196
0.96709
0.982376
0.993614
0.999345
0.999235
0.993951
0.984817
0.973578
0.961581
0.950006
0.939844
0.931786
0.926106
0.922865
0.922087
0.923658
0.927235
0.932225
0.938475
0.94562
0.953294
0.961141
0.997046
0.980912
0.958377
0.937735
0.924263
0.920011
0.924638
0.936263
0.952108
0.969016
0.983978
0.994634
0.999647
0.998821
0.992931
0.983373
0.971912
0.959878
0.948421
0.938495
0.930751
0.925419
0.92254
0.92212
0.924026
0.927899
0.933132
0.939574
0.946854
0.954604
0.962471
0.99594
0.978643
0.955877
0.935761
0.923236
0.920048
0.925635
0.937967
0.954168
0.971047
0.985623
0.99563
0.999868
0.998283
0.991767
0.981782
0.970112
0.958062
0.946751
0.937093
0.929695
0.924739
0.922248
0.922207
0.924466
0.928649
0.934134
0.940771
0.948185
0.956007
0.963884
0.994588
0.97615
0.953239
0.933753
0.922267
0.920211
0.926798
0.939842
0.956374
0.973171
0.987293
0.996582
0.999986
0.997604
0.990447
0.980039
0.968177
0.956139
0.945006
0.935649
0.928627
0.924076
0.921997
0.922358
0.924986
0.92949
0.935235
0.942068
0.949614
0.957501
0.965379
0.992965
0.973432
0.95048
0.931735
0.92138
0.920521
0.928139
0.941892
0.958719
0.975374
0.988968
0.997467
0.99998
0.996769
0.988959
0.978139
0.966109
0.954113
0.943192
0.934171
0.927558
0.923442
0.9218
0.922581
0.925595
0.93043
0.936438
0.943468
0.95114
0.959084
0.96695
0.99105
0.970492
0.947618
0.929731
0.920601
0.921
0.929672
0.944122
0.961198
0.97764
0.990626
0.99826
0.99983
0.99576
0.987296
0.976079
0.96391
0.951992
0.941321
0.932672
0.926502
0.922848
0.921666
0.922887
0.926299
0.931473
0.937747
0.944972
0.952764
0.960753
0.968594
0.988827
0.967336
0.944675
0.92777
0.919957
0.921666
0.931409
0.946531
0.9638
0.979949
0.992242
0.998937
0.999512
0.994561
0.985447
0.973859
0.961585
0.949784
0.939403
0.931165
0.92547
0.922306
0.921608
0.923285
0.927106
0.932625
0.939166
0.946581
0.954484
0.962505
0.970304
0.986281
0.963976
0.941676
0.925881
0.919474
0.922541
0.933358
0.949119
0.966511
0.98228
0.993788
0.99947
0.999004
0.993158
0.983406
0.971477
0.959139
0.947499
0.937451
0.929661
0.924477
0.92183
0.921635
0.923784
0.928025
0.933891
0.940696
0.948294
0.956296
0.964335
0.972073
0.983404
0.960429
0.938652
0.924097
0.919179
0.923643
0.935528
0.951879
0.969316
0.984606
0.995236
0.999832
0.998284
0.991537
0.981168
0.968936
0.95658
0.945148
0.935477
0.928176
0.923535
0.921431
0.92176
0.924394
0.92906
0.935275
0.94234
0.950111
0.958199
0.966237
0.973894
0.980193
0.956717
0.935635
0.92245
0.9191
0.924989
0.937924
0.954805
0.972193
0.9869
0.996554
0.999994
0.997331
0.989685
0.978729
0.966241
0.953917
0.942743
0.933496
0.926725
0.922659
0.921122
0.921993
0.925123
0.930219
0.93678
0.944098
0.95203
0.960186
0.968204
0.975758
0.976653
0.952869
0.932661
0.920974
0.919264
0.926593
0.940546
0.957883
0.97512
0.989131
0.99771
0.999928
0.996125
0.987592
0.976088
0.963397
0.951162
0.9403
0.931524
0.925322
0.921863
0.920917
0.922345
0.925978
0.931506
0.938409
0.94597
0.954047
0.962253
0.970229
0.977656
0.972795
0.948917
0.92977
0.919703
0.919693
0.928469
0.943394
0.961098
0.978068
0.991263
0.998669
0.999604
0.994646
0.98525
0.973246
0.960413
0.948327
0.937833
0.929577
0.923983
0.921161
0.920827
0.922824
0.926968
0.932927
0.940164
0.947954
0.95616
0.964394
0.972302
0.979576
0.96864
0.944901
0.927002
0.918673
0.920413
0.930627
0.946461
0.964429
0.981006
0.993259
0.999394
0.998995
0.992878
0.982654
0.970209
0.9573
0.945429
0.935359
0.927671
0.922725
0.920568
0.920865
0.923442
0.928098
0.934484
0.942044
0.950048
0.958361
0.966599
0.974414
0.981507
0.964215
0.940865
0.924399
0.917917
0.921445
0.93307
0.949738
0.967852
0.983897
0.99508
0.99985
0.998074
0.990806
0.9798
0.966982
0.954072
0.942482
0.932897
0.925825
0.921562
0.920098
0.921041
0.924206
0.929375
0.936179
0.94405
0.952248
0.960645
0.968861
0.976554
0.983435
0.959558
0.936855
0.922007
0.917467
0.922804
0.935802
0.953209
0.971336
0.986701
0.996682
1
0.996815
0.988419
0.97669
0.963575
0.950743
0.939506
0.930465
0.924056
0.920512
0.919763
0.921365
0.925123
0.930802
0.938014
0.946178
0.954548
0.963005
0.971168
0.978707
0.985345
0.954713
0.932925
0.919868
0.917354
0.924508
0.93882
0.956854
0.974847
0.989375
0.998022
0.999806
0.995196
0.985709
0.973328
0.960002
0.947332
0.936521
0.928082
0.922382
0.91959
0.919576
0.921848
0.9262
0.932381
0.939989
0.948425
0.956944
0.965429
0.97351
0.980862
0.987224
0.949733
0.929128
0.918026
0.917605
0.926564
0.942115
0.960648
0.978343
0.991871
0.999052
0.999234
0.993198
0.98267
0.969723
0.95628
0.943859
0.933547
0.925768
0.920821
0.91881
0.919549
0.922498
0.927442
0.934116
0.942101
0.950787
0.959426
0.967909
0.975872
0.983002
0.989053
0.944678
0.92552
0.916521
0.918243
0.92898
0.945675
0.964559
0.98178
0.994135
0.999726
0.99825
0.990802
0.979304
0.965885
0.952425
0.940345
0.930606
0.923544
0.919389
0.918186
0.919692
0.923322
0.928852
0.936006
0.944348
0.953257
0.961985
0.970433
0.978241
0.985112
0.990816
0.939612
0.922157
0.915393
0.919289
0.931755
0.94948
0.968549
0.985106
0.996115
0.999997
0.996824
0.987999
0.975616
0.961832
0.948461
0.936815
0.92772
0.921428
0.918103
0.917731
0.920015
0.924324
0.930432
0.93805
0.946726
0.955828
0.964612
0.972986
0.9806
0.987173
0.992492
0.934606
0.919095
0.914677
0.920759
0.934886
0.953506
0.972575
0.988265
0.997752
0.999818
0.994927
0.98478
0.971613
0.957582
0.944412
0.933291
0.924911
0.919441
0.916979
0.917456
0.920524
0.925511
0.932185
0.940246
0.949228
0.95849
0.967294
0.975554
0.982934
0.989166
0.994062
0.929731
0.916386
0.914404
0.922662
0.938361
0.95772
0.976587
0.991194
0.998986
0.999143
0.992537
0.981145
0.967311
0.953158
0.940302
0.9298
0.922202
0.917599
0.916031
0.917372
0.921227
0.926883
0.934108
0.94259
0.951849
0.961235
0.970018
0.978121
0.985222
0.991072
0.995502
0.92506
0.914081
0.914601
0.925003
0.942164
0.962084
0.980525
0.993828
0.999755
0.997932
0.989636
0.977098
0.96273
0.948588
0.93616
0.926366
0.919613
0.915921
0.91527
0.917486
0.922128
0.928443
0.9362
0.945076
0.954578
0.964049
0.972768
0.980669
0.987445
0.992866
0.996791
0.920664
0.912224
0.915288
0.927781
0.946271
0.966553
0.984326
0.996094
0.999999
0.996145
0.986213
0.97265
0.957892
0.943899
0.932015
0.923014
0.917166
0.914421
0.914709
0.917807
0.92323
0.930191
0.938458
0.9477
0.957408
0.96692
0.975529
0.983179
0.989579
0.994525
0.997902
0.916613
0.910855
0.916481
0.930991
0.950655
0.971071
0.987916
0.997915
0.999656
0.99375
0.982265
0.967818
0.952826
0.939123
0.927893
0.919768
0.914878
0.913113
0.914355
0.918338
0.924535
0.932126
0.940879
0.950452
0.960327
0.969834
0.978283
0.985628
0.991601
0.996023
0.998808
0.91297
0.910008
0.91819
0.934619
0.955275
0.975576
0.991215
0.999213
0.998668
0.990721
0.977795
0.962625
0.947563
0.934291
0.923825
0.91665
0.912766
0.912008
0.914216
0.919083
0.926044
0.934245
0.943456
0.953326
0.963322
0.972774
0.981008
0.987994
0.993485
0.997331
0.99948
0.909793
0.90971
0.920419
0.938648
0.960089
0.979995
0.994135
0.999906
0.996982
0.98704
0.972815
0.957101
0.94214
0.929437
0.919836
0.913681
0.910844
0.911115
0.914298
0.920046
0.927756
0.936545
0.946184
0.956311
0.966381
0.975721
0.983683
0.990249
0.995199
0.998418
0.999887
0.907132
0.909985
0.923168
0.943051
0.96504
0.984245
0.996578
0.999912
0.994551
0.982699
0.967345
0.951279
0.936591
0.924593
0.915951
0.910878
0.909125
0.910443
0.914604
0.921227
0.92967
0.939022
0.949055
0.959397
0.969487
0.978656
0.986282
0.992364
0.996713
0.99925
0.999996
0.905031
0.910846
0.926431
0.947798
0.970063
0.988229
0.998443
0.99915
0.991336
0.977701
0.961415
0.945199
0.930955
0.919788
0.912195
0.908258
0.907618
0.909997
0.915137
0.922626
0.931786
0.941674
0.952064
0.962571
0.972624
0.981555
0.988776
0.994306
0.99799
0.99979
0.99977
0.903524
0.912306
0.930196
0.952847
0.97508
0.991841
0.99962
0.997545
0.98731
0.972057
0.955058
0.938901
0.925269
0.915053
0.908585
0.905833
0.90633
0.90978
0.9159
0.924244
0.9341
0.944494
0.9552
0.96582
0.975771
0.984392
0.991133
0.996038
0.998991
0.999999
0.99917
0.902641
0.91437
0.934448
0.958147
0.979997
0.994958
0.999998
0.995028
0.982458
0.965793
0.948317
0.932429
0.919567
0.910412
0.90514
0.903611
0.905268
0.909797
0.916894
0.926082
0.936612
0.947479
0.958456
0.969129
0.978906
0.987136
0.993317
0.997519
0.999672
0.999833
0.998157
0.902403
0.917041
0.939164
0.963634
0.984703
0.997448
0.999466
0.991544
0.976777
0.958941
0.941238
0.925824
0.913882
0.905888
0.901872
0.901602
0.904436
0.910049
0.918121
0.928141
0.93932
0.950623
0.961819
0.972479
0.982
0.989751
0.995284
0.998701
0.999985
0.999245
0.996687
0.902828
0.920321
0.944314
0.96923
0.989069
0.999167
0.997917
0.987049
0.970283
0.951546
0.93387
0.919129
0.908244
0.901497
0.89879
0.89981
0.903836
0.91054
0.919583
0.930422
0.942224
0.953921
0.965277
0.975846
0.985022
0.992196
0.996987
0.999534
0.999878
0.998185
0.994714
0.903932
0.924206
0.949859
0.974833
0.992944
0.999963
0.995253
0.981519
0.963004
0.943658
0.926262
0.91238
0.902676
0.897254
0.895901
0.898238
0.903471
0.911273
0.921285
0.932928
0.945323
0.957366
0.968813
0.979205
0.987932
0.994421
0.99837
0.999959
0.999292
0.9966
0.992192
0.90573
0.92869
0.955742
0.980319
0.996157
0.999682
0.99139
0.974948
0.95498
0.935332
0.918462
0.905611
0.897198
0.893167
0.893211
0.89689
0.903346
0.912253
0.923233
0.935664
0.948616
0.960947
0.972406
0.98252
0.990685
0.996372
0.999371
0.999911
0.998168
0.994434
0.989073
0.908237
0.933762
0.961889
0.985535
0.998515
0.998171
0.986266
0.96735
0.946267
0.926625
0.910514
0.898849
0.891823
0.889243
0.89072
0.895769
0.903465
0.913488
0.925435
0.938635
0.952101
0.964652
0.97603
0.985751
0.993224
0.997981
0.999919
0.999321
0.996439
0.991631
0.985308
0.911468
0.9394
0.9682
0.990295
0.999814
0.995292
0.979842
0.95876
0.936923
0.917593
0.902456
0.892114
0.88656
0.885484
0.888432
0.894879
0.903838
0.914989
0.927901
0.941846
0.955774
0.968463
0.97965
0.988845
0.995485
0.999174
0.999937
0.998112
0.994036
0.988129
0.980848
0.915441
0.945568
0.974541
0.994382
0.999839
0.990923
0.972105
0.94923
0.927016
0.908288
0.894319
0.885421
0.881413
0.88189
0.886349
0.894227
0.904475
0.91677
0.930643
0.945304
0.959626
0.972355
0.983221
0.99174
0.997388
0.999865
0.999336
0.996205
0.990888
0.983869
0.975646
0.920171
0.952208
0.980737
0.997543
0.998377
0.984972
0.963071
0.938824
0.91661
0.898755
0.886125
0.878776
0.876382
0.878463
0.884475
0.893826
0.905393
0.918848
0.933676
0.949009
0.963645
0.976292
0.986687
0.99436
0.998845
0.999958
0.998025
0.993513
0.986921
0.978792
0.969653
0.925665
0.959228
0.986565
0.999499
0.995228
0.977381
0.952784
0.927619
0.905769
0.88903
0.87789
0.872181
0.871465
0.875204
0.88282
0.893689
0.906611
0.921244
0.937013
0.952963
0.967807
0.980229
0.989976
0.996612
0.99975
0.999347
0.995903
0.989948
0.982063
0.972839
0.962825
0.931918
0.966495
0.991752
0.999957
0.99022
0.968131
0.94131
0.91569
0.894545
0.879138
0.869618
0.865634
0.86666
0.872116
0.881395
0.893837
0.908156
0.92398
0.940666
0.957158
0.972079
0.984102
0.993001
0.99839
0.999988
0.997917
0.992865
0.985421
0.97624
0.965953
0.955117
0.938902
0.973821
0.995973
0.998615
0.983218
0.95724
0.928729
0.903112
0.882981
0.869095
0.861308
0.859129
0.861966
0.869208
0.88022
0.894298
0.910054
0.92708
0.944645
0.961577
0.976414
0.987833
0.995653
0.999566
0.999427
0.995543
0.988801
0.979842
0.969383
0.958079
0.946487
0.946553
0.980949
0.998855
0.995193
0.97414
0.944765
0.915134
0.889953
0.87111
0.858904
0.852954
0.852659
0.857383
0.866492
0.879317
0.895104
0.91234
0.930567
0.948951
0.966193
0.980745
0.991319
0.997805
1
0.997925
0.992097
0.983604
0.973124
0.961423
0.949167
0.936896
0.954754
0.987551
0.999996
0.989442
0.962955
0.930791
0.900615
0.876266
0.858946
0.848562
0.844545
0.846218
0.852918
0.863987
0.878719
0.896291
0.915048
0.934462
0.953578
0.97096
0.984985
0.994435
0.999305
0.99953
0.995329
0.987445
0.977164
0.965182
0.952296
0.939167
0.926303
0.963322
0.993218
0.998979
0.981171
0.949692
0.915422
0.885255
0.862089
0.846495
0.838056
0.836067
0.839803
0.848581
0.86172
0.878464
0.897902
0.918212
0.938778
0.958505
0.975811
0.989019
0.997031
0.999981
0.997983
0.99148
0.981455
0.969375
0.955936
0.941943
0.928033
0.91467
0.971989
0.997468
0.995404
0.970262
0.934426
0.89877
0.869126
0.847444
0.833747
0.827368
0.827509
0.833415
0.84439
0.859723
0.878594
0.89998
0.921864
0.943521
0.963693
0.980654
0.992703
0.998926
0.999637
0.99517
0.986215
0.973994
0.960139
0.945312
0.930308
0.915719
0.901956
0.980385
0.999759
0.988917
0.956673
0.917269
0.880943
0.852277
0.832334
0.820685
0.816479
0.818859
0.82706
0.840369
0.858037
0.879158
0.902573
0.926033
0.94868
0.96908
0.985367
0.995862
0.999912
0.998062
0.990895
0.979371
0.964938
0.949362
0.933243
0.917337
0.90218
0.888118
0.988027
0.999519
0.979243
0.940442
0.898356
0.862034
0.83474
0.81675
0.807284
0.805367
0.810112
0.820749
0.836548
0.856705
0.880208
0.905723
0.930735
0.954228
0.974576
0.989791
0.998284
0.999754
0.995023
0.984959
0.97079
0.954171
0.936961
0.919665
0.902981
0.887371
0.873111
0.994319
0.996183
0.966208
0.921676
0.877827
0.842117
0.816524
0.80067
0.793517
0.794013
0.801265
0.8145
0.832963
0.855779
0.881798
0.909472
0.935977
0.960114
0.980055
0.99373
0.999724
0.998192
0.990282
0.977162
0.960321
0.941585
0.922858
0.904521
0.88719
0.871244
0.856883
0.998564
0.989238
0.949753
0.900525
0.855813
0.821239
0.79762
0.784062
0.779351
0.782401
0.79232
0.808334
0.829654
0.85531
0.883979
0.913852
0.941746
0.966254
0.985351
0.996942
0.999898
0.994946
0.983594
0.967313
0.947828
0.927086
0.906987
0.887756
0.869914
0.853747
0.839378
0.999992
0.978278
0.929929
0.87717
0.832421
0.799424
0.778005
0.76689
0.764758
0.770514
0.78328
0.802275
0.826662
0.855352
0.886803
0.918884
0.948006
0.97253
0.990254
0.999142
0.998493
0.989722
0.974716
0.955235
0.93319
0.910591
0.889286
0.869318
0.8511
0.834823
0.820535
0.997809
0.963035
0.906886
0.851794
0.807733
0.776672
0.757646
0.749116
0.749709
0.758342
0.77415
0.796347
0.824029
0.855956
0.890314
0.924577
0.954694
0.97878
0.994498
0.999999
0.995169
0.982221
0.96342
0.940768
0.916301
0.892031
0.869699
0.849155
0.830693
0.81441
0.800285
0.99127
0.943411
0.880836
0.824559
0.781799
0.752967
0.736502
0.730701
0.734175
0.745868
0.764935
0.790572
0.821796
0.857172
0.894547
0.930916
0.961707
0.984788
0.997766
0.999139
0.989567
0.972151
0.949493
0.923772
0.897074
0.871342
0.848173
0.827212
0.808633
0.792443
0.778556
0.979743
0.919468
0.852026
0.795602
0.754644
0.728281
0.714532
0.711605
0.718127
0.733077
0.755632
0.784968
0.819995
0.859041
0.899528
0.937865
0.968901
0.990281
0.999679
0.996153
0.981321
0.959234
0.93275
0.904134
0.875436
0.848473
0.824658
0.803435
0.784858
0.768852
0.755273
0.962787
0.891409
0.820703
0.765027
0.726274
0.702582
0.691695
0.69179
0.701531
0.719944
0.74623
0.779541
0.818656
0.8616
0.905268
0.945355
0.97608
0.994922
0.999805
0.990602
0.970073
0.943216
0.913033
0.881762
0.851332
0.823375
0.799106
0.777767
0.759305
0.743569
0.730364
0.940191
0.859535
0.787093
0.732908
0.696682
0.675835
0.66795
0.671213
0.684346
0.706432
0.736706
0.774287
0.817795
0.864874
0.91176
0.95328
0.982985
0.9983
0.997655
0.982033
0.955482
0.923882
0.890221
0.856591
0.824716
0.796008
0.771468
0.750154
0.731912
0.716526
0.703759
0.911995
0.824197
0.751391
0.699295
0.66586
0.648013
0.643257
0.649826
0.666517
0.692487
0.727015
0.769183
0.817416
0.86888
0.918978
0.961488
0.989285
0.99993
0.992699
0.969995
0.937242
0.901056
0.864226
0.828574
0.795556
0.766336
0.741702
0.720546
0.702626
0.687667
0.6754
0.878452
0.785755
0.713756
0.664232
0.633808
0.619093
0.617578
0.627573
0.647974
0.678034
0.71709
0.764189
0.817511
0.87362
0.92687
0.969773
0.994569
0.999252
0.984374
0.954059
0.915094
0.874607
0.834989
0.797683
0.763829
0.734331
0.709774
0.688904
0.671403
0.656949
0.645242
0.839981
0.744547
0.674328
0.627768
0.600536
0.58906
0.59087
0.604382
0.628624
0.662969
0.706836
0.759236
0.81805
0.879082
0.935354
0.977862
0.998334
0.995636
0.972108
0.933835
0.888836
0.844456
0.802489
0.763914
0.729528
0.699982
0.675668
0.65521
0.638225
0.624352
0.613267
0.79709
0.700877
0.633235
0.589963
0.566072
0.557906
0.563083
0.580165
0.608343
0.647152
0.696119
0.754225
0.818989
0.885241
0.944317
0.985404
0.999978
0.988393
0.955339
0.908991
0.858327
0.810562
0.766726
0.727277
0.692663
0.663294
0.639388
0.619469
0.603099
0.589885
0.579483
0.750323
0.655028
0.590625
0.550909
0.530463
0.52563
0.534163
0.554814
0.58698
0.630402
0.684761
0.749019
0.820253
0.892055
0.9536
0.991953
0.998792
0.976789
0.933543
0.879271
0.823492
0.772935
0.727737
0.687813
0.653274
0.624308
0.600978
0.581728
0.566074
0.553596
0.543935
0.700212
0.607277
0.546669
0.510729
0.493781
0.49224
0.50405
0.528197
0.564345
0.612493
0.672531
0.743433
0.821746
0.899468
0.962998
0.996952
0.993962
0.960074
0.906264
0.844499
0.784317
0.731623
0.685589
0.645595
0.61144
0.583111
0.560531
0.542083
0.527248
0.515581
0.506716
0.647266
0.557922
0.50159
0.469585
0.456118
0.457752
0.472675
0.500165
0.540208
0.59314
0.659136
0.737226
0.823335
0.907405
0.972242
0.999709
0.984572
0.937512
0.873132
0.80459
0.740856
0.686726
0.640396
0.600747
0.567294
0.539846
0.518196
0.500689
0.486774
0.475992
0.467968
0.591996
0.507307
0.455659
0.427682
0.417601
0.422203
0.439976
0.47055
0.514304
0.571999
0.6442
0.730081
0.824846
0.915777
0.980989
0.999376
0.969617
0.908419
0.833888
0.759552
0.693221
0.638395
0.592332
0.553459
0.521044
0.494732
0.474201
0.457774
0.444877
0.435044
0.427895
0.534924
0.455841
0.40921
0.385269
0.378388
0.38565
0.405899
0.439177
0.48633
0.548654
0.627254
0.721586
0.826053
0.924479
0.988793
0.99492
0.948029
0.872197
0.788389
0.709479
0.641601
0.586857
0.54165
0.50401
0.472986
0.448077
0.428853
0.413642
0.401854
0.393021
0.386767
0.476648
0.40401
0.362638
0.342647
0.338683
0.348193
0.370425
0.405879
0.455957
0.522619
0.607713
0.711199
0.826659
0.933392
0.995079
0.985097
0.918711
0.828372
0.736624
0.654562
0.586271
0.532436
0.488709
0.452784
0.423521
0.400289
0.382559
0.368689
0.358087
0.350289
0.34493
0.417844
0.352379
0.3164
0.300172
0.298746
0.309989
0.333583
0.370523
0.422845
0.493338
0.584848
0.698207
0.826265
0.942381
0.999086
0.968418
0.880589
0.776625
0.678713
0.595108
0.52763
0.475585
0.434001
0.400295
0.37317
0.351879
0.335816
0.323395
0.314035
0.307286
0.302801
0.3593
0.301593
0.271007
0.258259
0.258907
0.271276
0.295486
0.333042
0.38668
0.46019
0.557769
0.681662
0.824319
0.951305
0.999789
0.943126
0.832661
0.716805
0.614925
0.531572
0.46623
0.416918
0.37817
0.347196
0.322572
0.303468
0.289219
0.27833
0.270243
0.264534
0.260881
0.301918
0.252355
0.227031
0.217386
0.219583
0.232403
0.256373
0.293492
0.347224
0.422531
0.525397
0.660288
0.820039
0.960009
0.995769
0.907185
0.774071
0.648975
0.545723
0.464612
0.402848
0.357256
0.322041
0.294287
0.272496
0.255784
0.24346
0.234152
0.22734
0.222635
0.219751
0.246675
0.205415
0.185086
0.178104
0.181288
0.193847
0.216652
0.252115
0.304401
0.379764
0.486465
0.632362
0.812258
0.968335
0.985001
0.858289
0.704165
0.573443
0.471844
0.395178
0.338512
0.297633
0.266608
0.242506
0.223814
0.20964
0.199301
0.191581
0.186013
0.182255
0.180057
0.194614
0.161553
0.145824
0.141026
0.144641
0.156245
0.176946
0.20943
0.258425
0.331473
0.439578
0.595548
0.799157
0.97612
0.964497
0.793906
0.622588
0.490885
0.394426
0.324599
0.274568
0.23932
0.213039
0.19291
0.177486
0.165915
0.157564
0.151394
0.147008
0.144115
0.142507
0.146801
0.121544
0.109925
0.106826
0.110366
0.120402
0.138138
0.166326
0.209973
0.277666
0.383378
0.546744
0.777755
0.983205
0.929706
0.711424
0.529473
0.402593
0.315209
0.254673
0.212682
0.183796
0.162633
0.146644
0.13453
0.125533
0.119101
0.114398
0.111098
0.108972
0.107853
0.10427
0.0861504
0.0780675
0.0762128
0.0792743
0.087285
0.101388
0.124142
0.160402
0.21918
0.317009
0.482
0.742913
0.989413
0.873549
0.608431
0.425853
0.310861
0.236739
0.187717
0.154817
0.132708
0.116775
0.104888
0.0959757
0.0894142
0.0847641
0.0813949
0.0790606
0.077588
0.0768567
0.0679854
0.056083
0.0509149
0.049906
0.0522236
0.0579754
0.0681048
0.0847055
0.111948
0.158225
0.241059
0.396977
0.685417
0.994556
0.784975
0.483458
0.314596
0.219547
0.162517
0.126543
0.103155
0.0877767
0.0768592
0.0688055
0.0628179
0.058445
0.0553687
0.0531571
0.0516415
0.0507041
0.0502642
0.0388035
0.0319736
0.0290722
0.0285925
0.0300696
0.0336128
0.0398647
0.0502648
0.0678045
0.0989987
0.159333
0.289041
0.588497
0.998348
0.647442
0.338273
0.202121
0.1346
0.096967
0.074278
0.0599433
0.0506916
0.0442059
0.0394638
0.0359658
0.0334276
0.0316515
0.030383
0.0295215
0.0289975
0.0287642
0.0174259
0.0143483
0.0130621
0.0128796
0.013595
0.0152775
0.0182524
0.0232608
0.031902
0.047891
0.0811492
0.163885
0.424337
0.999998
0.440541
0.184192
0.100395
0.0640227
0.0450764
0.0340759
0.0272852
0.0229654
0.0199661
0.0177885
0.0161896
0.015035
0.0142309
0.0136592
0.0132737
0.0130422
0.0129434
0.00438392
0.00360727
0.00328726
0.00324631
0.00343472
0.0038721
0.00464737
0.00596344
0.00826991
0.0126481
0.0222734
0.0494124
0.174688
0.993887
0.168168
0.0536813
0.0270621
0.0167205
0.0115901
0.0086872
0.00692141
0.00580841
0.00504029
0.00448489
0.00407887
0.00378764
0.00358415
0.00344026
0.00334334
0.00328565
0.00326157
0
0
-1.19209e-07
0
0
-1.19209e-07
nan
-1.19209e-07
0
0
5.96046e-08
0
-1.19209e-07
1.19209e-07
0
0
5.96046e-08
0
0
0
0
0
-1.19209e-07
-2.38419e-07
0
-2.38419e-07
1.19209e-07
-1.19209e-07
0
0
0
