6.24951e-05
0.00144643
0.00650266
0.0142009
0.0234784
0.0333806
0.043134
0.0521635
0.0600799
0.0666507
0.071766
0.0754081
0.0776252
0.0785098
0.0781834
0.0767841
0.0746493
0.0717509
0.0681237
0.0638968
0.0593015
0.054658
0.0498677
0.0449332
0.0399531
0.0351006
0.0305929
0.026308
0.0222885
0.0185677
0.0151707
6.00123e-05
0.0014581
0.00652586
0.0142323
0.0235146
0.0334185
0.0431709
0.0521976
0.0601098
0.0666754
0.071785
0.0754214
0.0776326
0.0785116
0.07818
0.076776
0.0746371
0.0717351
0.0681049
0.0638754
0.0592782
0.0546332
0.0498419
0.044907
0.0399269
0.035075
0.0305679
0.0262841
0.0222659
0.0185466
0.0151513
5.28657e-05
0.00149337
0.00659567
0.0143267
0.0236232
0.0335322
0.0432818
0.0522999
0.0601993
0.0667493
0.071842
0.0754607
0.0776546
0.078517
0.0781699
0.0767518
0.0746005
0.0716877
0.0680481
0.0638112
0.059208
0.0545588
0.0497648
0.0448286
0.0398486
0.0349978
0.030493
0.0262122
0.022198
0.0184833
0.0150931
4.19679e-05
0.00155305
0.00671272
0.0144844
0.0238046
0.0337216
0.0434665
0.0524701
0.060348
0.0668721
0.0719364
0.0755259
0.0776909
0.0785256
0.0781527
0.076711
0.0745391
0.0716082
0.0679535
0.0637039
0.0590912
0.0544349
0.0496363
0.0446979
0.039718
0.0348694
0.0303683
0.0260928
0.0220851
0.0183781
0.0149964
2.88292e-05
0.00163846
0.00687805
0.0147062
0.024059
0.0339869
0.043725
0.052708
0.0605557
0.0670434
0.0720679
0.0756165
0.077741
0.0785369
0.078128
0.0766535
0.0744528
0.0714968
0.0678207
0.0635537
0.0589274
0.0542614
0.0494565
0.0445152
0.0395356
0.03469
0.0301942
0.025926
0.0219275
0.0182312
0.0148615
1.55595e-05
0.00175146
0.00709314
0.0149932
0.024387
0.0343283
0.0440569
0.053013
0.0608217
0.0672624
0.0722356
0.0757314
0.077804
0.0785503
0.078095
0.0765785
0.0743408
0.0713528
0.0676494
0.0633602
0.0587166
0.0540382
0.0492255
0.0442805
0.0393013
0.03446
0.0299709
0.0257124
0.0217257
0.0180433
0.0146891
4.86329e-06
0.00189442
0.00735975
0.0153464
0.0247893
0.0347459
0.0444621
0.0533847
0.0611451
0.067528
0.0724384
0.0758698
0.0778788
0.0785646
0.0780529
0.0764853
0.0742028
0.0711758
0.0674393
0.0631231
0.0584589
0.0537655
0.0489433
0.0439941
0.0390158
0.0341796
0.0296991
0.0254524
0.0214804
0.017815
0.0144797
2.31833e-08
0.00207016
0.00768017
0.0157675
0.0252666
0.0352398
0.0449401
0.0538223
0.0615249
0.0678392
0.0726752
0.0760304
0.0779646
0.0785788
0.0780008
0.0763729
0.0740377
0.070965
0.0671898
0.0628422
0.0581538
0.0534433
0.0486101
0.0436564
0.0386792
0.0338495
0.0293793
0.0251467
0.0211922
0.0175471
0.0142343
4.89612e-06
0.00228204
0.00805689
0.016258
0.0258197
0.0358102
0.0454906
0.0543249
0.06196
0.0681946
0.0729444
0.0762117
0.0780595
0.0785916
0.0779374
0.0762405
0.073845
0.07072
0.0669007
0.0625173
0.0578015
0.0530715
0.0482263
0.0432676
0.0382922
0.0334703
0.0290122
0.0247963
0.0208622
0.0172406
0.0139539
2.38933e-05
0.00253382
0.00849283
0.0168199
0.0264498
0.0364571
0.046113
0.0548914
0.0624491
0.0685926
0.0732446
0.0764121
0.0781623
0.0786015
0.0778614
0.0760868
0.0736235
0.07044
0.0665712
0.0621479
0.0574017
0.0526503
0.047792
0.0428282
0.0378554
0.0330426
0.0285988
0.024402
0.0204913
0.0168966
0.0136396
6.19644e-05
0.00282972
0.00899113
0.0174552
0.0271576
0.0371807
0.0468065
0.0555207
0.0629904
0.0690315
0.0735736
0.0766296
0.0782709
0.0786069
0.0777712
0.0759105
0.0733722
0.070124
0.0662008
0.0617337
0.0569545
0.0521798
0.0473076
0.0423388
0.0373694
0.0325675
0.02814
0.023965
0.0200808
0.0165164
0.0132929
0.000124584
0.00317432
0.00955521
0.0181661
0.0279443
0.037981
0.0475706
0.0562114
0.0635823
0.0695093
0.0739296
0.0768625
0.0783835
0.0786059
0.0776655
0.0757104
0.0730901
0.0697713
0.065789
0.0612745
0.0564597
0.0516603
0.0467735
0.0417999
0.0368352
0.0320459
0.027637
0.0234866
0.019632
0.0161014
0.0129151
0.000217703
0.0035726
0.0101888
0.0189549
0.0288108
0.0388579
0.0484041
0.0569619
0.064223
0.0700236
0.0743102
0.0771081
0.0784981
0.0785966
0.0775423
0.075485
0.072776
0.0693811
0.0653352
0.0607699
0.0559172
0.0510919
0.0461902
0.0412124
0.0362535
0.0314787
0.0270909
0.022968
0.0191464
0.0156533
0.0125079
0.000347761
0.00402983
0.0108956
0.0198239
0.029758
0.0398111
0.049306
0.0577706
0.06491
0.0705724
0.0747129
0.0773642
0.0786122
0.0785771
0.0774001
0.0752327
0.0724286
0.0689524
0.0648388
0.0602198
0.0553272
0.050475
0.0455582
0.040577
0.0356254
0.0308675
0.0265033
0.0224109
0.0186256
0.0151737
0.0120732
0.000521617
0.00455161
0.0116798
0.0207754
0.030787
0.0408404
0.0502751
0.0586354
0.0656412
0.0711528
0.0751352
0.0776283
0.0787235
0.078545
0.0772368
0.0749521
0.0720469
0.0684844
0.0642993
0.0596239
0.0546899
0.0498099
0.0448784
0.0398946
0.0349521
0.0302134
0.0258756
0.0218169
0.0180715
0.0146644
0.0116129
0.000746525
0.00514372
0.0125452
0.0218119
0.0318984
0.0419453
0.05131
0.0595544
0.0664141
0.0717624
0.0755744
0.0778978
0.0788297
0.0784984
0.0770506
0.0746416
0.0716296
0.0679762
0.0637163
0.0589822
0.0540055
0.0490975
0.0441516
0.0391665
0.0342351
0.029518
0.0252096
0.021188
0.017486
0.0141277
0.011129
0.0010301
0.00581217
0.0134962
0.0229356
0.0330929
0.0431251
0.0524089
0.0605251
0.067226
0.0723981
0.0760275
0.0781698
0.0789281
0.0784348
0.0768397
0.0742997
0.0711755
0.0674272
0.0630893
0.0582946
0.0532742
0.0483381
0.0433785
0.0383938
0.0334757
0.0287831
0.0245071
0.0205259
0.0168712
0.0135655
0.0106237
0.00138029
0.00656313
0.0145368
0.0241488
0.0343711
0.0443791
0.0535702
0.0615452
0.0680738
0.073057
0.0764915
0.0784415
0.0790161
0.0783521
0.0766021
0.073925
0.0706837
0.0668367
0.0624182
0.0575612
0.0524967
0.0475328
0.0425606
0.0375779
0.0326756
0.0280104
0.0237701
0.019833
0.0162293
0.0129803
0.0100996
0.0018053
0.00740286
0.0156712
0.0254534
0.0357334
0.0457062
0.0547917
0.0626119
0.0689548
0.0737358
0.0769634
0.0787101
0.0790913
0.0782481
0.0763361
0.073516
0.0701531
0.0662041
0.0617028
0.0567824
0.0516735
0.0466823
0.0416989
0.0367203
0.0318364
0.0272018
0.0230007
0.0191114
0.0155627
0.0123745
0.009559
0.00231355
0.00833764
0.0169033
0.0268515
0.0371798
0.0471052
0.0560714
0.0637226
0.0698657
0.0744315
0.07744
0.0789727
0.0791511
0.0781205
0.0760398
0.0730714
0.069583
0.065529
0.0609431
0.0559585
0.0508054
0.045788
0.040795
0.0358228
0.0309602
0.0263596
0.0222012
0.0183635
0.0148739
0.0117507
0.00900462
0.00291361
0.00937378
0.0182371
0.0283446
0.0387102
0.0485746
0.0574066
0.064874
0.0708031
0.0751406
0.0779182
0.0792262
0.0791926
0.0779673
0.0757117
0.07259
0.0689723
0.064811
0.0601392
0.0550901
0.0498933
0.0448509
0.0398502
0.0348871
0.030049
0.0254859
0.021374
0.017592
0.0141655
0.0111115
0.00843917
0.00361424
0.0105175
0.0196762
0.0299344
0.0403243
0.0501127
0.058795
0.0660632
0.071764
0.0758598
0.0783949
0.079468
0.0792138
0.0777865
0.0753502
0.072071
0.068321
0.0640503
0.0592915
0.054178
0.0489384
0.0438726
0.0388666
0.0339153
0.0291051
0.0245832
0.0205217
0.0167995
0.0134404
0.0104598
0.00786552
0.0044242
0.0117749
0.0212243
0.031622
0.0420216
0.0517176
0.0602337
0.0672869
0.0727448
0.0765859
0.0788668
0.0796954
0.0792123
0.0775762
0.074954
0.0715133
0.0676284
0.0632468
0.0584006
0.0532231
0.0479421
0.0428548
0.0378459
0.0329096
0.0281308
0.0236541
0.019647
0.0159887
0.0127014
0.00979865
0.00728667
0.00535227
0.013152
0.0228846
0.0334084
0.0438012
0.0533872
0.0617198
0.0685418
0.073742
0.0773156
0.079331
0.0799055
0.0791859
0.0773348
0.074522
0.0709165
0.0668945
0.0624009
0.0574672
0.0522265
0.0469058
0.0417992
0.0367902
0.0318722
0.0271285
0.0227011
0.0187526
0.0151626
0.0119514
0.00913092
0.00670567
0.00640718
0.0146546
0.02466
0.0352943
0.045662
0.0551193
0.0632503
0.0698245
0.0747524
0.0780455
0.0797848
0.0800963
0.0791327
0.0770611
0.0740534
0.0702802
0.0661194
0.0615133
0.0564925
0.0511898
0.0458311
0.0407078
0.0357018
0.0308056
0.0261011
0.0217272
0.0178415
0.0143242
0.0111936
0.0084598
0.00612568
0.00759764
0.0162881
0.0265533
0.0372799
0.0476027
0.0569113
0.0648221
0.0711318
0.0757726
0.0787727
0.0802254
0.0802653
0.0790511
0.0767537
0.0735475
0.0696043
0.0653035
0.0605846
0.0554774
0.0501143
0.0447201
0.0395829
0.0345831
0.0297124
0.0250512
0.020735
0.0169167
0.0134765
0.0104311
0.00778849
0.00554996
0.00893208
0.0180578
0.0285667
0.0393655
0.0496216
0.0587606
0.066432
0.0724602
0.0767994
0.0794943
0.0806504
0.0804106
0.0789396
0.0764119
0.0730041
0.0688891
0.0644475
0.0596162
0.0544236
0.049002
0.0435748
0.0384266
0.0334365
0.0285953
0.0239816
0.0197278
0.0159812
0.0126228
0.00966706
0.0071203
0.00498184
0.0104189
0.0199687
0.0307023
0.0415507
0.0517169
0.0606646
0.0680769
0.0738066
0.0778298
0.0802078
0.0810577
0.0805309
0.0787974
0.0760354
0.0724234
0.068135
0.0635525
0.0586091
0.0533327
0.0478548
0.0423974
0.0372415
0.0322648
0.027457
0.0228952
0.0187083
0.0150382
0.0117662
0.00890493
0.00645859
0.00442475
0.0120661
0.0220253
0.0329616
0.0438349
0.0538868
0.0626203
0.0697536
0.0751678
0.0788611
0.0809107
0.0814456
0.0806248
0.0786238
0.075624
0.0718056
0.067343
0.0626196
0.0575653
0.0522067
0.0466748
0.0411902
0.0360301
0.0310706
0.0263006
0.0217952
0.0176799
0.0140909
0.0109102
0.00814801
0.00580682
0.00388221
0.0138815
0.0242318
0.0353461
0.0462174
0.0561291
0.0646252
0.0714593
0.0765413
0.0798908
0.0816013
0.0818126
0.0806916
0.0784187
0.075178
0.0711518
0.0665144
0.0616505
0.0564863
0.0510476
0.0454646
0.039956
0.0347951
0.0298567
0.0251288
0.0206845
0.0166457
0.0131425
0.0100579
0.00739977
0.0051685
0.00335782
0.0158726
0.0265919
0.0378567
0.0486972
0.0584417
0.0666764
0.0731912
0.0779244
0.080917
0.082278
0.0821579
0.080731
0.0781822
0.0746983
0.0704628
0.0656507
0.060647
0.0553746
0.0498578
0.0442263
0.0386971
0.0335392
0.0286261
0.0239445
0.0195661
0.0156087
0.0121964
0.00921276
0.00666366
0.00454726
0.00285529
0.0180465
0.0291093
0.0404939
0.0512731
0.0608223
0.0687715
0.0749469
0.0793151
0.0819381
0.0829399
0.0824814
0.0807434
0.0779152
0.074186
0.0697404
0.0647536
0.0596111
0.0542322
0.0486397
0.0429627
0.0374162
0.0322652
0.0273814
0.0227509
0.0184431
0.0145721
0.0112557
0.00837828
0.0059433
0.00394679
0.00237847
0.0204101
0.0317868
0.0432583
0.053944
0.063269
0.0709083
0.0767244
0.0807119
0.0829533
0.0835868
0.0827832
0.0807295
0.077619
0.0736429
0.0689868
0.0638255
0.0585454
0.0530616
0.0473959
0.0416764
0.0361162
0.0309758
0.0261256
0.0215508
0.0173186
0.0135393
0.010324
0.00755795
0.00524235
0.00337095
0.0019314
0.0229697
0.0346273
0.0461499
0.0567084
0.0657799
0.0730848
0.0785221
0.0821138
0.0839621
0.084219
0.0830642
0.0806908
0.0772953
0.073071
0.0682039
0.0628688
0.0574522
0.0518655
0.0461289
0.0403699
0.0347995
0.0296737
0.0248615
0.020347
0.0161957
0.0125132
0.00940445
0.00675531
0.00456459
0.00282373
0.00151826
0.0257312
0.0376329
0.0491688
0.0595652
0.0683533
0.0752996
0.0803392
0.0835206
0.0849651
0.0848375
0.0833261
0.0806292
0.0769466
0.072473
0.0673947
0.0618863
0.0563343
0.0506464
0.0448415
0.0390459
0.0334689
0.0283616
0.0235918
0.0191425
0.0150771
0.0114972
0.00850054
0.00597402
0.00391391
0.00230932
0.00114352
0.0287004
0.040806
0.052315
0.0625134
0.0709883
0.077552
0.0821754
0.0849327
0.0859634
0.0854441
0.0835712
0.0805476
0.0765758
0.0718517
0.066562
0.0608807
0.0551946
0.0494073
0.0435361
0.0377069
0.0321268
0.0270419
0.022319
0.01794
0.0139661
0.0104944
0.00761572
0.00521785
0.00329445
0.00183214
0.000811941
0.0318825
0.0441483
0.0555886
0.0655525
0.0736841
0.0798421
0.0840316
0.0863519
0.0869591
0.0860416
0.0838025
0.0804491
0.0761862
0.0712107
0.0657091
0.0598553
0.0540359
0.0481506
0.0422153
0.0363553
0.0307754
0.0257171
0.0210456
0.016742
0.0128653
0.00950814
0.00675365
0.00449083
0.00271058
0.001397
0.000528689
0.0352823
0.0476617
0.0589897
0.0686822
0.076441
0.0821705
0.0859092
0.0877801
0.0879554
0.0866334
0.0840239
0.0803377
0.0757816
0.0705533
0.0648393
0.0588129
0.0528609
0.0468788
0.0408814
0.0349931
0.029417
0.0243893
0.019774
0.0155513
0.0117779
0.00854159
0.00591801
0.00379711
0.00216697
0.00100901
0.000299375
0.0389045
0.051348
0.0625191
0.0719031
0.0792601
0.0845391
0.0878111
0.0892212
0.0889563
0.0872242
0.0842399
0.0802179
0.0753664
0.0698836
0.0639562
0.0577566
0.0516722
0.0455942
0.0395363
0.0336224
0.0280533
0.0230604
0.0185063
0.0143703
0.0107066
0.00759827
0.00511281
0.00314125
0.00166873
0.000673865
0.00013023
0.0427536
0.0552092
0.0661778
0.0752165
0.0821435
0.0869511
0.0897413
0.0906798
0.0899671
0.0878189
0.0844558
0.0800947
0.074945
0.0692057
0.063063
0.0566893
0.0504722
0.0442988
0.0381818
0.0322445
0.026686
0.0217323
0.0172446
0.0132015
0.00965456
0.00668181
0.00434232
0.00252821
0.00122149
0.000397867
2.81858e-05
0.0468341
0.0592476
0.069968
0.078625
0.0850945
0.0894109
0.091705
0.0921618
0.0909937
0.0884241
0.0846775
0.0799733
0.0745222
0.0685232
0.0621631
0.0556135
0.0492628
0.0429941
0.0368191
0.0308607
0.0253162
0.0204063
0.0159909
0.0120473
0.00862492
0.00579613
0.00361124
0.00196347
0.000831551
0.000188076
1.04076e-06
0.0511503
0.0634662
0.0738924
0.0821323
0.0881182
0.0919245
0.0937091
0.0936744
0.0920436
0.0890466
0.0849116
0.0798599
0.0741029
0.0678406
0.0612597
0.0545315
0.0480458
0.0416814
0.0354491
0.0294718
0.0239451
0.019084
0.0147471
0.0109106
0.00762118
0.00494559
0.00292487
0.00145327
0.000506041
5.25017e-05
5.76315e-05
0.0557071
0.0678688
0.0779552
0.0857436
0.0912209
0.0944994
0.0957617
0.095226
0.0931251
0.0896943
0.085165
0.0797599
0.0736921
0.0671615
0.0603552
0.053445
0.046822
0.040361
0.034072
0.0280782
0.0225732
0.0177665
0.013515
0.00979393
0.00664707
0.00413507
0.00228917
0.00100466
0.000253083
2.74581e-07
0.000208028
0.0605099
0.0724603
0.0821623
0.0894661
0.0944111
0.0971448
0.0978726
0.0968265
0.0942475
0.0903757
0.085445
0.0796799
0.0732942
0.066489
0.0594519
0.0523552
0.0455919
0.039033
0.0326879
0.0266798
0.021201
0.0164549
0.0122967
0.00870052
0.00570697
0.00337023
0.00171105
0.000625792
8.20295e-05
4.1872e-05
0.000463742
0.0655648
0.0772469
0.0865209
0.0933088
0.0976991
0.0998719
0.100053
0.0984869
0.0954212
0.0911
0.0857595
0.0796257
0.0729139
0.0658261
0.0585511
0.0512624
0.0443552
0.0376966
0.0312957
0.0252763
0.0198288
0.0151504
0.0110946
0.00763399
0.00480594
0.00265759
0.00119852
0.00032612
3.68137e-06
0.000189361
0.000837999
0.0708793
0.0822366
0.0910411
0.0972829
0.101097
0.102694
0.102316
0.100219
0.0966572
0.0918764
0.0861159
0.0796032
0.072555
0.0651749
0.0576538
0.0501662
0.0431108
0.0363505
0.0298944
0.0238668
0.0184565
0.0138542
0.00991119
0.00659858
0.00394997
0.00200493
0.000761018
0.000116674
3.05819e-05
0.00045667
0.00134598
0.0764622
0.0874399
0.0957346
0.101402
0.10462
0.105625
0.104677
0.102038
0.097967
0.092715
0.0865219
0.0796175
0.0722205
0.0645368
0.0567595
0.0490652
0.0418567
0.0349925
0.0284819
0.0224502
0.0170845
0.012568
0.00874994
0.0055995
0.00314624
0.00142144
0.000409646
1.0355e-05
0.000177305
0.000859891
0.00200511
0.0823245
0.0928694
0.100616
0.105683
0.108285
0.108684
0.10715
0.103956
0.0993634
0.0936254
0.0869848
0.0796735
0.071913
0.0639122
0.0558671
0.0479572
0.04059
0.0336198
0.0270562
0.0210255
0.015713
0.011294
0.00761497
0.00464317
0.0024035
0.000918109
0.000157512
2.22843e-05
0.000460804
0.00141762
0.00283547
0.0884797
0.0985407
0.105704
0.110144
0.112112
0.111887
0.109754
0.105989
0.100859
0.0946177
0.0875116
0.0797753
0.071634
0.0633003
0.0549743
0.0468388
0.039307
0.032229
0.0256146
0.0195916
0.0143429
0.010035
0.00651164
0.0037375
0.00173227
0.000508088
2.01421e-05
0.000170171
0.000900778
0.00215134
0.00386006
0.0949438
0.104472
0.111018
0.114807
0.116121
0.115257
0.112507
0.108154
0.102466
0.095701
0.0881081
0.0799258
0.0713836
0.0626992
0.0540774
0.0457055
0.0380031
0.030816
0.0241544
0.0181474
0.0129754
0.00879518
0.00544681
0.0028923
0.00114538
0.000207066
1.58499e-05
0.00047473
0.00152009
0.00308576
0.00510521
0.101737
0.110687
0.116583
0.119698
0.120338
0.118815
0.115429
0.110466
0.104197
0.0968846
0.0887799
0.080127
0.0711609
0.0621055
0.0531717
0.0445521
0.0366733
0.0293765
0.0226728
0.0166924
0.011613
0.00757985
0.0044292
0.0021197
0.000658348
3.37717e-05
0.00016623
0.000960144
0.00234518
0.00424931
0.00660102
0.108882
0.117211
0.122427
0.124843
0.124788
0.122586
0.118541
0.112943
0.106066
0.0981767
0.0895312
0.0803795
0.0709636
0.0615149
0.0522512
0.0433717
0.0353112
0.0279058
0.0211674
0.0152272
0.0102594
0.00639641
0.00346993
0.00143465
0.000289881
1.04565e-05
0.000496661
0.00165457
0.00340665
0.00567464
0.0083818
0.116407
0.124075
0.128581
0.130274
0.129501
0.126594
0.121863
0.1156
0.108084
0.099585
0.0903654
0.0806829
0.070788
0.0609213
0.051309
0.0421575
0.0339107
0.0263995
0.0196361
0.0137532
0.00892018
0.00525459
0.002583
0.000855484
6.24898e-05
0.000163482
0.00103685
0.00259065
0.00473962
0.00739894
0.0104865
0.124344
0.131312
0.13508
0.136023
0.134506
0.130866
0.125418
0.118456
0.110263
0.101116
0.0912843
0.081035
0.0706292
0.0603176
0.0503367
0.0409012
0.0324649
0.0248528
0.0180779
0.0122735
0.00760302
0.00416689
0.00178584
0.000404461
3.05683e-06
0.000523928
0.00182145
0.00380613
0.00638443
0.00946471
0.0129593
0.132731
0.138963
0.141961
0.142128
0.139836
0.13543
0.129227
0.121526
0.112614
0.102775
0.0922888
0.0814329
0.0704805
0.0596952
0.0493249
0.0395942
0.0309672
0.0232623
0.0164931
0.0107932
0.00631858
0.00314949
0.00110008
0.000108523
0.000143555
0.00112825
0.00289073
0.00534441
0.00838714
0.01192
0.0158498
0.141609
0.147069
0.149267
0.148625
0.145525
0.140315
0.133314
0.124827
0.115148
0.104568
0.0933786
0.0818715
0.0703342
0.0590445
0.0482639
0.0382277
0.0294109
0.0216251
0.0148838
0.00932014
0.00508088
0.00222266
0.000552132
1.37689e-08
0.000521787
0.00201907
0.00429121
0.00725537
0.0108002
0.0148194
0.0192142
0.151026
0.155678
0.157043
0.155557
0.151608
0.145548
0.137701
0.128376
0.117874
0.106497
0.0945522
0.0823454
0.0701815
0.058355
0.0471429
0.0367924
0.0277904
0.0199398
0.0132543
0.00786548
0.0039082
0.00141171
0.000174143
0.000117534
0.00118222
0.00324591
0.0060765
0.00959585
0.013683
0.0182243
0.0231152
0.161034
0.164841
0.165336
0.162964
0.158122
0.151162
0.142412
0.132188
0.120801
0.108567
0.0958074
0.0828477
0.0700126
0.0576156
0.0459511
0.0352799
0.0261006
0.018207
0.0116122
0.00644432
0.0028239
0.000747886
4.87691e-06
0.000506844
0.00217687
0.00486606
0.00830805
0.0124306
0.0171027
0.0222034
0.0276226
0.17169
0.174612
0.174196
0.170894
0.165104
0.157186
0.147469
0.136279
0.123939
0.11078
0.0971411
0.083371
0.0698166
0.0568141
0.0446772
0.033682
0.0243385
0.0164301
0.00996831
0.00507663
0.00185729
0.000269315
9.07155e-05
0.00122187
0.00356626
0.00694548
0.0110559
0.0158326
0.0211347
0.0268336
0.0328143
0.183054
0.185051
0.183676
0.17939
0.172595
0.163652
0.152898
0.140668
0.127298
0.113138
0.0985503
0.0839074
0.0695828
0.0559387
0.0433107
0.0319917
0.0225026
0.0146154
0.00833842
0.00378835
0.00104465
2.2094e-05
0.000486793
0.00232583
0.00542053
0.00955977
0.0143997
0.0198847
0.0258636
0.0322006
0.0387765
0.195193
0.196216
0.193831
0.188503
0.180636
0.170594
0.158725
0.145371
0.130888
0.115645
0.100032
0.0844485
0.0693001
0.0549772
0.0418412
0.0302031
0.0205944
0.0127732
0.00674353
0.0026122
0.000430554
6.1598e-05
0.00125823
0.00389237
0.00782037
0.0127951
0.0184295
0.0246792
0.0313832
0.0383992
0.045604
0.208175
0.208173
0.20472
0.198283
0.189269
0.178049
0.164976
0.15041
0.134721
0.118307
0.101584
0.0849873
0.0689573
0.0539181
0.0402596
0.0283129
0.0186185
0.0109186
0.00521121
0.00158906
6.9127e-05
0.000453823
0.00248151
0.00600688
0.0108583
0.0167495
0.0232466
0.0303197
0.0377982
0.0455341
0.0534011
0.222071
0.220988
0.216401
0.208782
0.198541
0.186053
0.171684
0.155805
0.138812
0.121128
0.103205
0.0855167
0.0685443
0.0527506
0.038558
0.02632
0.0165835
0.0090729
0.00377673
0.000769418
2.55776e-05
0.00127695
0.00424598
0.00876795
0.0146402
0.0215332
0.0289644
0.0369209
0.0452237
0.0537198
0.0622814
0.236954
0.234728
0.228938
0.220058
0.208502
0.194651
0.178882
0.161585
0.143179
0.124118
0.104896
0.0860313
0.0680515
0.0514648
0.0367304
0.0242262
0.0145032
0.00726396
0.00248456
0.000214927
0.000377948
0.00262308
0.00665543
0.0122887
0.0192856
0.0272708
0.0357093
0.0446101
0.0537864
0.0630818
0.0723686
0.252901
0.249463
0.242395
0.23217
0.219205
0.20389
0.186613
0.167782
0.147844
0.127292
0.106663
0.0865281
0.0674713
0.0500523
0.0347729
0.0220373
0.0123968
0.005528
0.00138997
3.01778e-07
0.00121906
0.00460012
0.00982992
0.0166982
0.0249304
0.034101
0.0436215
0.0535269
0.0636244
0.0737562
0.0837961
0.269986
0.265268
0.256842
0.245183
0.230712
0.213825
0.194922
0.174434
0.152838
0.130666
0.108512
0.0870061
0.0667974
0.0485066
0.0326842
0.0197636
0.0102908
0.00391125
0.000560858
0.000215488
0.00265882
0.00733401
0.0139078
0.0221438
0.0317267
0.0421789
0.0528558
0.0638245
0.0748883
0.0858901
0.0967076
0.288289
0.282217
0.272352
0.259169
0.243091
0.22452
0.203869
0.181591
0.158196
0.134268
0.110457
0.0874683
0.0660263
0.0468232
0.0304661
0.0174206
0.00821976
0.00247147
8.02387e-05
0.000968211
0.00482669
0.010971
0.0190474
0.0287917
0.039845
0.0516753
0.0635815
0.0756689
0.08774
0.099641
0.111256
0.307885
0.300388
0.289005
0.274208
0.25642
0.236049
0.213521
0.189311
0.163969
0.13813
0.112518
0.087922
0.0651568
0.0449999
0.028124
0.0150298
0.00622818
0.00128027
4.88249e-05
0.00238699
0.0078747
0.0156803
0.0254297
0.0368294
0.0494749
0.0627785
0.0759831
0.0892398
0.102353
0.115177
0.127604
0.328852
0.319863
0.306885
0.290387
0.270788
0.248501
0.223961
0.19767
0.170216
0.142298
0.114723
0.0883794
0.0641911
0.0430371
0.0256673
0.0126205
0.0043726
0.000426209
0.000588411
0.00462455
0.0119806
0.0216571
0.0332602
0.0464668
0.0608263
0.0756947
0.0902607
0.10473
0.118914
0.132676
0.145921
0.351266
0.340726
0.326086
0.307807
0.286301
0.26198
0.235291
0.206758
0.177016
0.146832
0.11711
0.0888598
0.0631353
0.0409382
0.0231098
0.0102304
0.00272347
1.76101e-05
0.00184589
0.00786211
0.017352
0.0291254
0.0427713
0.0579383
0.0741296
0.090647
0.106629
0.122344
0.137616
0.152323
0.166385
0.375203
0.363067
0.346711
0.326581
0.30308
0.276613
0.247634
0.216691
0.184466
0.151806
0.11973
0.0893897
0.0619991
0.0387092
0.0204707
0.00790763
0.00136868
0.000187258
0.00399823
0.0123143
0.0242306
0.0383417
0.054225
0.0715033
0.0896368
0.107877
0.125316
0.142298
0.158664
0.174311
0.189178
0.400734
0.386975
0.368868
0.346836
0.321264
0.292546
0.261138
0.227608
0.19269
0.15732
0.122649
0.0900059
0.0607979
0.0363599
0.0177748
0.00571297
0.00041745
0.0010977
0.00725846
0.0182348
0.032896
0.0495975
0.0679134
0.0874467
0.10762
0.12764
0.146562
0.164817
0.182268
0.198836
0.214483
0.427927
0.412546
0.392679
0.368716
0.341017
0.309955
0.275982
0.239682
0.201842
0.163496
0.125955
0.0907569
0.0595517
0.0339026
0.0150535
0.00372282
5.55152e-06
0.00294832
0.0118835
0.0259239
0.0436734
0.0632253
0.0841634
0.106081
0.128372
0.150209
0.170619
0.190132
0.208641
0.226095
0.242484
0.456839
0.439872
0.418269
0.392381
0.362524
0.329047
0.292383
0.253127
0.212116
0.170496
0.129762
0.0917076
0.0582877
0.0313531
0.0123465
0.0020331
0.000302465
0.0059845
0.0181837
0.0357354
0.0569366
0.0795983
0.103334
0.127744
0.152204
0.175866
0.197745
0.218477
0.237995
0.256281
0.273354
0.487516
0.469042
0.445774
0.418004
0.385999
0.350062
0.310598
0.268202
0.223755
0.178523
0.134215
0.0929421
0.0570403
0.0287302
0.00970268
0.000765033
0.00152101
0.0105094
0.0265344
0.0480883
0.0731172
0.0991374
0.125822
0.152797
0.179442
0.204904
0.228197
0.250082
0.270534
0.289574
0.307253
0.519985
0.500136
0.475325
0.445774
0.411678
0.373281
0.330939
0.285228
0.237065
0.187839
0.139508
0.0945712
0.0558539
0.0260555
0.00718255
7.28908e-05
0.00393107
0.0169012
0.0373918
0.0634764
0.0927085
0.12231
0.152054
0.181624
0.210423
0.237614
0.262232
0.285168
0.306448
0.326137
0.344318
0.554238
0.533209
0.507048
0.475883
0.439823
0.399024
0.353769
0.304593
0.252427
0.19878
0.145892
0.0967423
0.0547853
0.0233534
0.00486215
0.000156235
0.00787815
0.0256325
0.0513098
0.0824804
0.116273
0.149634
0.182491
0.214622
0.245485
0.274283
0.300087
0.323932
0.345898
0.366094
0.384644
0.59023
0.568289
0.541048
0.508524
0.470711
0.42765
0.379521
0.326774
0.270324
0.211783
0.153705
0.0996531
0.0539076
0.0206507
0.00283821
0.00127736
0.0138113
0.0373013
0.0689659
0.105783
0.144446
0.181672
0.217617
0.252198
0.284962
0.315177
0.341976
0.366536
0.388999
0.409524
0.428271
0.627851
0.605346
0.577391
0.543867
0.504624
0.459554
0.408688
0.352344
0.291361
0.227418
0.163397
0.103575
0.0533178
0.017976
0.00123696
0.00378875
0.0223217
0.0526682
0.091185
0.134182
0.17794
0.219032
0.257932
0.294751
0.329161
0.360524
0.388055
0.413077
0.435797
0.456423
0.475155
0.666912
0.644277
0.616076
0.582034
0.541826
0.495151
0.441833
0.381988
0.316299
0.246433
0.175586
0.108888
0.0531475
0.0153601
0.000228721
0.00817547
0.0342008
0.0727075
0.118975
0.168601
0.217538
0.26235
0.303931
0.342651
0.37834
0.410485
0.438406
0.463566
0.486238
0.506683
0.525137
0.707119
0.684868
0.657001
0.623064
0.582528
0.534847
0.479569
0.416515
0.346089
0.269816
0.191129
0.116138
0.053585
0.0128339
5.28793e-05
0.0151251
0.0505263
0.0986775
0.15356
0.210098
0.264089
0.312271
0.356083
0.396204
0.432671
0.465114
0.492985
0.517874
0.540123
0.560042
0.577903
0.748039
0.726759
0.69991
0.666855
0.626824
0.578985
0.522527
0.456849
0.381911
0.298878
0.211232
0.126135
0.054908
0.0104298
0.00106249
0.0256392
0.0727839
0.132199
0.196413
0.259861
0.318465
0.369402
0.414763
0.455595
0.492165
0.52428
0.551548
0.575663
0.597035
0.616019
0.632923
0.789084
0.769404
0.744341
0.713081
0.674611
0.627762
0.571277
0.503993
0.425189
0.335347
0.237621
0.140117
0.0575541
0.00817995
0.00380812
0.0412285
0.103057
0.175362
0.249275
0.31917
0.381524
0.434247
0.480185
0.52079
0.556587
0.587587
0.613577
0.63632
0.656286
0.673872
0.689412
0.829484
0.812028
0.789559
0.761113
0.725456
0.681071
0.626189
0.558921
0.477581
0.381485
0.272793
0.16005
0.0622527
0.00611625
0.00920237
0.0642489
0.144291
0.230832
0.314145
0.389322
0.453964
0.507045
0.552224
0.591378
0.625302
0.654229
0.678148
0.698839
0.716818
0.73251
0.746264
0.868275
0.853603
0.834487
0.809895
0.778433
0.738288
0.687171
0.622342
0.540833
0.440159
0.320382
0.189161
0.0703147
0.00426978
0.0188703
0.0984907
0.200647
0.301904
0.393159
0.471425
0.536092
0.587517
0.630167
0.666325
0.697053
0.722812
0.743793
0.761719
0.777126
0.790444
0.802019
0.904319
0.892833
0.87768
0.857853
0.831936
0.79796
0.753244
0.694215
0.616379
0.514724
0.38559
0.23295
0.0843047
0.00267451
0.0359485
0.150234
0.277919
0.392422
0.488258
0.565943
0.627311
0.674374
0.712279
0.74363
0.769709
0.791171
0.808373
0.82288
0.835209
0.845763
0.854856
0.936352
0.928205
0.917325
0.902856
0.883526
0.857472
0.821931
0.772844
0.704327
0.608345
0.475496
0.301003
0.109766
0.0013681
0.0670941
0.230043
0.383764
0.506184
0.60024
0.671645
0.72518
0.764554
0.795236
0.819929
0.840012
0.85622
0.869002
0.879642
0.888585
0.896168
0.902649
0.963058
0.958077
0.951356
0.94228
0.929911
0.912788
0.888585
0.853517
0.801317
0.721619
0.598077
0.409891
0.160282
0.000413689
0.128091
0.355284
0.526752
0.644699
0.72633
0.783556
0.823913
0.852241
0.87355
0.89023
0.903484
0.913983
0.92214
0.928848
0.93443
0.939123
0.943105
0.983198
0.980844
0.977641
0.973262
0.967199
0.958609
0.946085
0.927116
0.896989
0.846352
0.75571
0.584771
0.27399
5.98577e-07
0.260683
0.55069
0.710038
0.800214
0.854864
0.889777
0.91282
0.928257
0.939487
0.948054
0.954731
0.959934
0.963925
0.967176
0.969858
0.972098
0.973988
0.995739
0.995129
0.994292
0.993141
0.991528
0.98921
0.985754
0.980346
0.971307
0.95481
0.920515
0.83487
0.563635
0.00153719
0.574443
0.82261
0.90429
0.940005
0.958745
0.969715
0.976565
0.98099
0.98413
0.986482
0.988289
0.989679
0.99074
0.991598
0.992302
0.992888
0.99338
1
1
1
1
1
1
nan
1
1
1
1
1
1
1
1
1
1
1
1
1
1
1
1
1
1
1
1
1
1
1
1
