0.999938
0.998554
0.993497
0.985799
0.976522
0.966619
0.956866
0.947837
0.93992
0.933349
0.928234
0.924592
0.922375
0.92149
0.921817
0.923216
0.925351
0.928249
0.931876
0.936103
0.940699
0.945342
0.950132
0.955067
0.960047
0.964899
0.969407
0.973692
0.977711
0.981432
0.984829
0.99994
0.998542
0.993474
0.985768
0.976485
0.966581
0.956829
0.947802
0.93989
0.933325
0.928215
0.924579
0.922367
0.921488
0.92182
0.923224
0.925363
0.928265
0.931895
0.936125
0.940722
0.945367
0.950158
0.955093
0.960073
0.964925
0.969432
0.973716
0.977734
0.981453
0.984849
0.999947
0.998507
0.993404
0.985673
0.976377
0.966468
0.956718
0.9477
0.939801
0.933251
0.928158
0.924539
0.922345
0.921483
0.92183
0.923248
0.925399
0.928312
0.931952
0.936189
0.940792
0.945441
0.950235
0.955171
0.960151
0.965002
0.969507
0.973788
0.977802
0.981517
0.984907
0.999958
0.998447
0.993287
0.985516
0.976195
0.966278
0.956533
0.94753
0.939652
0.933128
0.928064
0.924474
0.922309
0.921474
0.921847
0.923289
0.925461
0.928392
0.932047
0.936296
0.940909
0.945565
0.950364
0.955302
0.960282
0.965131
0.969632
0.973907
0.977915
0.981622
0.985004
0.999971
0.998362
0.993122
0.985294
0.975941
0.966013
0.956275
0.947292
0.939444
0.932957
0.927932
0.924384
0.922259
0.921463
0.921872
0.923346
0.925547
0.928503
0.932179
0.936446
0.941073
0.945739
0.950544
0.955485
0.960464
0.96531
0.969806
0.974074
0.978073
0.981769
0.985138
0.999984
0.998249
0.992907
0.985007
0.975613
0.965672
0.955943
0.946987
0.939178
0.932738
0.927764
0.924269
0.922196
0.92145
0.921905
0.923422
0.925659
0.928647
0.932351
0.93664
0.941283
0.945962
0.950775
0.95572
0.960699
0.96554
0.970029
0.974288
0.978274
0.981957
0.985311
0.999995
0.998106
0.99264
0.984654
0.975211
0.965254
0.955538
0.946615
0.938855
0.932472
0.927562
0.92413
0.922121
0.921435
0.921947
0.923515
0.925797
0.928824
0.932561
0.936877
0.941541
0.946235
0.951057
0.956006
0.960984
0.96582
0.970301
0.974548
0.97852
0.982185
0.98552
1
0.99793
0.99232
0.984233
0.974733
0.96476
0.95506
0.946178
0.938475
0.932161
0.927325
0.92397
0.922035
0.921421
0.921999
0.923627
0.925962
0.929035
0.93281
0.937158
0.941846
0.946557
0.95139
0.956344
0.961321
0.966151
0.970621
0.974853
0.978808
0.982453
0.985766
0.999995
0.997718
0.991943
0.983742
0.97418
0.96419
0.954509
0.945675
0.93804
0.931805
0.927056
0.923788
0.921941
0.921408
0.922063
0.92376
0.926155
0.92928
0.933099
0.937483
0.942199
0.946929
0.951774
0.956732
0.961708
0.96653
0.970988
0.975204
0.979138
0.982759
0.986046
0.999976
0.997466
0.991507
0.98318
0.97355
0.963543
0.953887
0.945109
0.937551
0.931407
0.926755
0.923588
0.921838
0.921398
0.922139
0.923913
0.926376
0.92956
0.933429
0.937852
0.942598
0.94735
0.952208
0.957172
0.962145
0.966957
0.971401
0.975598
0.979509
0.983103
0.98636
0.999938
0.99717
0.991009
0.982545
0.972842
0.962819
0.953193
0.944479
0.93701
0.930969
0.926426
0.92337
0.921729
0.921393
0.922229
0.92409
0.926628
0.929876
0.933799
0.938266
0.943045
0.94782
0.952692
0.957661
0.962631
0.967432
0.97186
0.976035
0.979919
0.983484
0.986707
0.999875
0.996826
0.990445
0.981834
0.972056
0.962019
0.952429
0.943789
0.936418
0.930491
0.92607
0.923138
0.921616
0.921394
0.922334
0.92429
0.92691
0.930229
0.934211
0.938726
0.94354
0.94834
0.953227
0.9582
0.963165
0.967954
0.972363
0.976513
0.980368
0.983899
0.987085
0.999782
0.996427
0.989811
0.981045
0.971189
0.961142
0.951596
0.943038
0.935777
0.929976
0.92569
0.922892
0.921502
0.921403
0.922458
0.924515
0.927224
0.930619
0.934665
0.93923
0.944083
0.948908
0.95381
0.958788
0.963747
0.968521
0.972909
0.977032
0.980854
0.984347
0.987492
0.999652
0.99597
0.989104
0.980176
0.970242
0.960189
0.950694
0.942229
0.93509
0.929428
0.925287
0.922636
0.921388
0.921423
0.9226
0.924767
0.927571
0.931048
0.935161
0.93978
0.944673
0.949525
0.954442
0.959423
0.964375
0.969133
0.973497
0.977589
0.981374
0.984826
0.987927
0.999478
0.995448
0.98832
0.979225
0.969213
0.95916
0.949725
0.941365
0.934359
0.928847
0.924865
0.922372
0.921277
0.921455
0.922763
0.925048
0.927953
0.931516
0.935701
0.940376
0.94531
0.95019
0.955122
0.960105
0.965048
0.969787
0.974124
0.978183
0.981929
0.985336
0.988387
0.999253
0.994856
0.987455
0.978188
0.968102
0.958055
0.94869
0.940446
0.933586
0.928238
0.924426
0.922102
0.92117
0.921502
0.922949
0.925358
0.92837
0.932024
0.936284
0.941018
0.945994
0.950902
0.955848
0.960833
0.965765
0.970482
0.97479
0.978812
0.982514
0.985872
0.988871
0.99897
0.994188
0.986504
0.977064
0.966907
0.956875
0.947591
0.939475
0.932774
0.927602
0.923973
0.92183
0.921072
0.921565
0.92316
0.9257
0.928824
0.932573
0.936911
0.941705
0.946726
0.951662
0.956621
0.961606
0.966524
0.971217
0.975493
0.979474
0.983129
0.986434
0.989376
0.99862
0.993437
0.985463
0.975851
0.965629
0.955621
0.94643
0.938455
0.931926
0.926943
0.923509
0.921558
0.920984
0.921648
0.923398
0.926075
0.929316
0.933163
0.937582
0.942439
0.947503
0.952467
0.957439
0.962422
0.967324
0.97199
0.97623
0.980167
0.983771
0.98702
0.9899
0.998195
0.992597
0.984329
0.974547
0.964267
0.954294
0.945208
0.937388
0.931045
0.926264
0.923037
0.92129
0.920909
0.921752
0.923664
0.926484
0.929847
0.933796
0.938297
0.943218
0.948327
0.953318
0.958301
0.96328
0.968164
0.972798
0.976999
0.980889
0.984437
0.987625
0.990441
0.997686
0.991662
0.983097
0.973149
0.96282
0.952895
0.943929
0.936277
0.930134
0.925569
0.92256
0.921027
0.920849
0.921879
0.92396
0.926929
0.930417
0.934471
0.939057
0.944041
0.949195
0.954212
0.959205
0.964177
0.96904
0.97364
0.977799
0.981636
0.985126
0.988249
0.990995
0.997086
0.990626
0.981763
0.971655
0.96129
0.951425
0.942593
0.935126
0.929197
0.924859
0.922082
0.920774
0.920807
0.922033
0.924288
0.92741
0.931028
0.935189
0.939861
0.94491
0.950107
0.955149
0.96015
0.965113
0.969951
0.974514
0.978626
0.982408
0.985834
0.988889
0.991561
0.996386
0.989483
0.980324
0.970066
0.959676
0.949887
0.941205
0.933937
0.928236
0.92414
0.921605
0.920532
0.920786
0.922214
0.92465
0.927929
0.931679
0.93595
0.940708
0.945822
0.951062
0.956127
0.961133
0.966085
0.970895
0.975417
0.979478
0.983201
0.98656
0.98954
0.992134
0.995576
0.988225
0.978776
0.968378
0.957978
0.948282
0.939766
0.932713
0.927255
0.923414
0.921133
0.920305
0.920788
0.922424
0.925046
0.928487
0.932372
0.936753
0.941599
0.946777
0.952058
0.957145
0.962154
0.96709
0.971869
0.976346
0.980353
0.984011
0.987299
0.990201
0.992713
0.994648
0.986848
0.977115
0.966592
0.956199
0.946613
0.93828
0.931458
0.926258
0.922684
0.920669
0.920094
0.920814
0.922665
0.925478
0.929083
0.933106
0.937599
0.942533
0.947773
0.953094
0.958201
0.96321
0.968128
0.972871
0.977299
0.981247
0.984837
0.988049
0.990869
0.993294
0.993593
0.985345
0.97534
0.964706
0.954338
0.944881
0.93675
0.930175
0.925248
0.921955
0.920215
0.919904
0.920867
0.922939
0.925947
0.92972
0.933881
0.938487
0.943508
0.94881
0.954169
0.959292
0.964298
0.969194
0.973899
0.978273
0.982158
0.985676
0.988806
0.99154
0.993874
0.992402
0.983712
0.973447
0.96272
0.952397
0.943089
0.935178
0.928868
0.924227
0.921227
0.919775
0.919735
0.920949
0.923246
0.926452
0.930396
0.934696
0.939415
0.944523
0.949886
0.95528
0.960417
0.965417
0.970288
0.974949
0.979265
0.983083
0.986524
0.989569
0.992212
0.99445
0.991068
0.981942
0.971433
0.960635
0.950378
0.941239
0.933568
0.92754
0.923201
0.920506
0.91935
0.919589
0.92106
0.923588
0.926996
0.931111
0.935552
0.940384
0.945576
0.950998
0.956425
0.961573
0.966563
0.971405
0.976018
0.980272
0.984019
0.987377
0.990333
0.99288
0.995018
0.989581
0.980031
0.969298
0.958449
0.948283
0.939335
0.931923
0.926193
0.92217
0.919792
0.918942
0.919469
0.921203
0.923965
0.927577
0.931865
0.936448
0.941391
0.946667
0.952145
0.957603
0.962759
0.967735
0.972543
0.977105
0.981292
0.984962
0.988234
0.991095
0.993541
0.995575
0.987934
0.977975
0.967038
0.956165
0.946113
0.93738
0.930246
0.924832
0.921139
0.919089
0.918554
0.919375
0.921376
0.924376
0.928194
0.932657
0.93738
0.942435
0.947793
0.953325
0.95881
0.96397
0.968929
0.973699
0.978205
0.98232
0.985909
0.98909
0.991852
0.994193
0.996118
0.986118
0.975768
0.964654
0.953783
0.943871
0.935375
0.928541
0.923459
0.920109
0.918399
0.918187
0.919308
0.921581
0.924822
0.928848
0.933486
0.93835
0.943514
0.948952
0.954535
0.960044
0.965205
0.970143
0.974871
0.979316
0.983354
0.986857
0.989942
0.9926
0.994832
0.996642
0.984127
0.973408
0.962143
0.951303
0.941558
0.933324
0.926809
0.922076
0.919083
0.917722
0.917842
0.919269
0.921818
0.925302
0.929537
0.934349
0.939353
0.944625
0.950142
0.955774
0.961303
0.966461
0.971374
0.976055
0.980434
0.984391
0.987804
0.990787
0.993336
0.995453
0.997145
0.981954
0.970891
0.959506
0.948727
0.939178
0.931229
0.925053
0.920685
0.918062
0.91706
0.917519
0.919257
0.922085
0.925814
0.93026
0.935246
0.940389
0.945768
0.95136
0.957037
0.962584
0.967735
0.972619
0.977249
0.981557
0.985428
0.988744
0.991622
0.994057
0.996053
0.997622
0.97959
0.968213
0.956742
0.946056
0.936731
0.929092
0.923276
0.919288
0.917047
0.916413
0.917217
0.919271
0.922381
0.926357
0.931013
0.936174
0.941455
0.946938
0.952604
0.958324
0.963884
0.969024
0.973874
0.978449
0.982681
0.986461
0.989676
0.992442
0.994758
0.996629
0.998069
0.97703
0.965373
0.95385
0.943292
0.93422
0.926915
0.921478
0.917886
0.916038
0.915781
0.916936
0.919309
0.922705
0.926929
0.931796
0.937131
0.942548
0.948135
0.953871
0.95963
0.9652
0.970326
0.975138
0.979653
0.983804
0.987487
0.990596
0.993245
0.995435
0.997176
0.998482
0.974269
0.962367
0.950831
0.940435
0.931647
0.9247
0.919661
0.916479
0.915035
0.915163
0.916674
0.919371
0.923053
0.927527
0.932605
0.938114
0.943666
0.949354
0.955158
0.960954
0.966531
0.971638
0.976408
0.980857
0.984923
0.988503
0.991499
0.994026
0.996086
0.997691
0.998856
0.9713
0.959194
0.947685
0.937487
0.929012
0.922448
0.917825
0.915067
0.914037
0.914556
0.916429
0.919452
0.923424
0.928148
0.933438
0.939119
0.944805
0.950593
0.956464
0.962293
0.967873
0.972958
0.977681
0.98206
0.986034
0.989506
0.992384
0.994782
0.996706
0.998168
0.999188
0.968117
0.955852
0.944411
0.934448
0.926316
0.920158
0.915968
0.913648
0.913041
0.913958
0.916197
0.919551
0.923814
0.928789
0.934291
0.940145
0.945964
0.951849
0.957785
0.963645
0.969225
0.974283
0.978954
0.983258
0.987135
0.990492
0.993246
0.995509
0.997289
0.998603
0.999471
0.964718
0.952338
0.94101
0.931318
0.923559
0.91783
0.914091
0.91222
0.912045
0.913367
0.915976
0.919662
0.924218
0.929447
0.935161
0.941187
0.947139
0.953121
0.959119
0.965007
0.970583
0.975611
0.980226
0.984449
0.988222
0.991458
0.994082
0.996203
0.997833
0.998991
0.999701
0.961096
0.948652
0.937481
0.928097
0.92074
0.915461
0.912189
0.910779
0.911044
0.912776
0.91576
0.919782
0.924634
0.930116
0.936044
0.942243
0.948328
0.954406
0.960464
0.966378
0.971947
0.97694
0.981494
0.98563
0.989293
0.992402
0.994887
0.996859
0.998331
0.999326
0.99987
0.957246
0.944791
0.933822
0.924783
0.917857
0.913049
0.910259
0.90932
0.910033
0.912181
0.915544
0.919905
0.925055
0.930794
0.936937
0.943311
0.949528
0.955701
0.961818
0.967755
0.973314
0.978268
0.982755
0.986799
0.990345
0.993318
0.995658
0.997472
0.998779
0.999602
0.999972
0.953166
0.940752
0.930032
0.921375
0.914905
0.910589
0.908295
0.907838
0.909006
0.911576
0.915322
0.920027
0.925478
0.931477
0.937837
0.944387
0.950737
0.957006
0.963181
0.969139
0.974684
0.979594
0.984009
0.987953
0.991375
0.994204
0.996389
0.998037
0.999168
0.999812
0.999999
0.94885
0.936534
0.926108
0.917868
0.911882
0.908075
0.906291
0.906326
0.907956
0.910953
0.915088
0.92014
0.925897
0.932159
0.93874
0.945468
0.951954
0.958319
0.964551
0.970528
0.976055
0.980916
0.985253
0.989089
0.992379
0.995054
0.997075
0.998547
0.999494
0.999947
0.999942
0.944293
0.932131
0.922045
0.914256
0.908779
0.905501
0.904238
0.904774
0.906875
0.910306
0.914835
0.92024
0.926308
0.932838
0.939645
0.946555
0.953178
0.959639
0.965928
0.971922
0.977427
0.982234
0.986485
0.990206
0.993353
0.995865
0.997711
0.998995
0.999747
1
0.999792
0.93949
0.92754
0.917838
0.910534
0.905589
0.902855
0.902127
0.903174
0.905752
0.909624
0.914555
0.92032
0.926706
0.933511
0.940548
0.947645
0.954408
0.960967
0.967312
0.97332
0.978799
0.983545
0.987703
0.991299
0.994293
0.99663
0.998289
0.999374
0.999918
0.999958
0.999536
0.934435
0.922753
0.913479
0.906691
0.902301
0.900128
0.899947
0.901513
0.904579
0.9089
0.914241
0.920374
0.927086
0.934174
0.941449
0.948738
0.955645
0.962303
0.968704
0.974724
0.980171
0.98485
0.988905
0.992366
0.995194
0.997342
0.998801
0.999674
0.999996
0.999811
0.999162
0.929121
0.917763
0.908959
0.902717
0.898903
0.897306
0.897684
0.899781
0.903343
0.908124
0.913884
0.920397
0.927445
0.934825
0.942346
0.949834
0.956889
0.963649
0.970106
0.976133
0.981543
0.986146
0.990089
0.993401
0.99605
0.997995
0.999239
0.999883
0.999969
0.999543
0.998654
0.923538
0.91256
0.904265
0.898598
0.89538
0.894374
0.895323
0.897962
0.902033
0.907285
0.913478
0.920383
0.927779
0.935463
0.94324
0.950935
0.958143
0.965007
0.971518
0.97755
0.982915
0.987432
0.99125
0.994401
0.996854
0.998579
0.99959
0.99999
0.999823
0.99914
0.997995
0.917675
0.907131
0.899384
0.894317
0.891715
0.891316
0.89285
0.896044
0.900637
0.906375
0.913015
0.920327
0.928087
0.936088
0.944133
0.952043
0.95941
0.96638
0.972944
0.978974
0.984287
0.988706
0.992385
0.995357
0.997597
0.999082
0.999842
0.999978
0.999539
0.998582
0.997165
0.91152
0.901459
0.894296
0.889856
0.887888
0.888113
0.890246
0.894011
0.899141
0.905382
0.912488
0.920225
0.928366
0.9367
0.945026
0.953161
0.960693
0.967771
0.974385
0.980408
0.985657
0.989965
0.993488
0.996262
0.998268
0.999492
0.99998
0.99983
0.999099
0.997849
0.99614
0.905056
0.895528
0.888982
0.885193
0.883879
0.884743
0.887493
0.891846
0.897534
0.904299
0.911892
0.920074
0.928616
0.937301
0.945923
0.954294
0.961997
0.969184
0.975846
0.981853
0.987025
0.991205
0.994553
0.997108
0.998855
0.999793
0.999984
0.999525
0.99848
0.996914
0.994895
0.898263
0.889313
0.883417
0.880302
0.879662
0.881185
0.884571
0.889534
0.895803
0.903115
0.91122
0.919873
0.928839
0.937894
0.946828
0.955448
0.963327
0.970623
0.977327
0.983308
0.988387
0.99242
0.995571
0.99788
0.999342
0.999966
0.999834
0.99904
0.997655
0.995751
0.993399
0.891118
0.882789
0.877573
0.875157
0.875212
0.877414
0.881459
0.887057
0.893934
0.901823
0.910469
0.919621
0.929036
0.938485
0.947749
0.956628
0.964689
0.972094
0.978833
0.984773
0.989741
0.993604
0.99653
0.998565
0.99971
0.99999
0.999503
0.998345
0.996593
0.994325
0.991618
0.883593
0.875925
0.871419
0.869726
0.870499
0.873406
0.878137
0.8844
0.891916
0.900415
0.909635
0.919317
0.929212
0.939079
0.948691
0.957842
0.966089
0.973601
0.980364
0.986247
0.99108
0.994745
0.997417
0.999144
0.999938
0.999837
0.998963
0.997409
0.99526
0.992601
0.989514
0.875656
0.868688
0.86492
0.863977
0.865494
0.869134
0.874582
0.881544
0.889737
0.898884
0.908716
0.918965
0.929371
0.939682
0.949663
0.959099
0.967535
0.975147
0.981922
0.987727
0.992397
0.995833
0.998214
0.999596
0.999997
0.999476
0.998179
0.996194
0.993616
0.990535
0.987041
0.867269
0.861037
0.858039
0.857872
0.860164
0.86457
0.870773
0.878474
0.887386
0.897225
0.907711
0.918567
0.92952
0.940305
0.950675
0.960406
0.969033
0.976738
0.983507
0.989207
0.993681
0.99685
0.9989
0.999891
0.999856
0.998872
0.997109
0.994656
0.991613
0.98808
0.98415
0.858391
0.852931
0.850733
0.851375
0.854475
0.859685
0.866686
0.875173
0.884852
0.895432
0.906621
0.918128
0.929666
0.940955
0.951736
0.961772
0.970589
0.978375
0.985116
0.99068
0.994919
0.997777
0.999448
1
0.999478
0.997981
0.995709
0.992745
0.9892
0.985181
0.980786
0.848974
0.844322
0.842957
0.844443
0.848392
0.854452
0.862299
0.871624
0.882126
0.893503
0.905448
0.917655
0.929819
0.941645
0.952857
0.963208
0.97221
0.98006
0.986746
0.992135
0.996092
0.998588
0.999826
0.999882
0.998818
0.996754
0.993923
0.990404
0.986317
0.981776
0.976885
0.838966
0.835159
0.834664
0.837036
0.841878
0.848838
0.857588
0.867812
0.879199
0.891433
0.904193
0.917152
0.929987
0.942384
0.954049
0.96472
0.973899
0.981793
0.988388
0.993556
0.997176
0.999252
0.999995
0.999493
0.997823
0.995134
0.991692
0.987569
0.982897
0.977797
0.972377
0.82831
0.825388
0.825804
0.829106
0.834895
0.842814
0.852531
0.863721
0.876061
0.88922
0.902859
0.916629
0.930183
0.943186
0.955323
0.966318
0.975662
0.98357
0.990032
0.994923
0.998143
0.999731
0.999909
0.998778
0.996434
0.993055
0.988944
0.984167
0.978865
0.973166
0.967186
0.816946
0.814949
0.816324
0.82061
0.827405
0.836348
0.847102
0.859332
0.872702
0.886862
0.90145
0.916093
0.930417
0.944061
0.956689
0.968008
0.977497
0.985385
0.991662
0.996212
0.998955
0.999978
0.999513
0.997674
0.994579
0.99044
0.9856
0.980115
0.974136
0.967799
0.961223
0.804807
0.803784
0.806169
0.811497
0.819364
0.829406
0.841275
0.854629
0.869112
0.884355
0.899968
0.915551
0.9307
0.945023
0.958159
0.969797
0.979406
0.987227
0.993256
0.997388
0.999569
0.999938
0.998742
0.996108
0.99218
0.987205
0.981571
0.975321
0.968617
0.961601
0.954396
0.791825
0.791827
0.79528
0.801717
0.810731
0.821951
0.835024
0.84959
0.865279
0.881693
0.898416
0.915013
0.931043
0.946082
0.95974
0.971687
0.981382
0.989081
0.994789
0.998411
0.999931
0.999546
0.997518
0.993993
0.989142
0.983251
0.976753
0.96968
0.962202
0.954466
0.946599
0.777929
0.779012
0.783599
0.791218
0.801459
0.813947
0.828316
0.844195
0.861188
0.878872
0.896795
0.914483
0.931456
0.947249
0.961442
0.97368
0.983416
0.990927
0.996223
0.999231
0.999974
0.998723
0.995754
0.991232
0.98536
0.978467
0.971036
0.963079
0.954776
0.94628
0.937719
0.763046
0.765272
0.771062
0.779942
0.791498
0.805349
0.821118
0.838415
0.856821
0.875882
0.895104
0.913969
0.931948
0.948535
0.96327
0.975774
0.985497
0.992736
0.997515
0.999785
0.999622
0.997377
0.993345
0.987711
0.980714
0.972729
0.964291
0.95539
0.946214
0.936918
0.927631
0.7471
0.750537
0.757605
0.76783
0.780795
0.79611
0.813387
0.832218
0.852156
0.872708
0.893337
0.913472
0.932529
0.949948
0.965227
0.977963
0.987603
0.994472
0.99861
1
0.998781
0.9954
0.99017
0.983302
0.97507
0.965899
0.956379
0.946473
0.936376
0.926244
0.916204
0.730014
0.734732
0.743158
0.754817
0.769288
0.786175
0.805078
0.825566
0.847162
0.869334
0.891488
0.912994
0.933203
0.951493
0.967316
0.980236
0.989709
0.996089
0.999439
0.999785
0.997341
0.992666
0.986092
0.977856
0.968273
0.957821
0.947144
0.936175
0.925112
0.91411
0.903292
0.711711
0.717783
0.727648
0.740831
0.756909
0.77548
0.796131
0.818409
0.841804
0.865732
0.889543
0.912532
0.933974
0.953177
0.969534
0.982579
0.99178
0.997529
0.99992
0.999032
0.995173
0.989029
0.980953
0.971208
0.960155
0.948325
0.936419
0.924331
0.91226
0.900359
0.888744
0.692115
0.699612
0.710995
0.725792
0.74358
0.763951
0.786479
0.810689
0.836031
0.86187
0.887482
0.912078
0.934843
0.955
0.971876
0.98497
0.993772
0.99872
0.999951
0.997613
0.992125
0.98432
0.97457
0.963171
0.950525
0.937221
0.924017
0.91076
0.897647
0.884823
0.872396
0.671148
0.680137
0.693115
0.709613
0.729212
0.751499
0.776039
0.80233
0.829784
0.857702
0.885277
0.911621
0.935809
0.956963
0.974333
0.987379
0.995627
0.999574
0.999412
0.995375
0.988019
0.978343
0.96674
0.953533
0.939174
0.924305
0.909739
0.89527
0.881086
0.867324
0.854079
0.648734
0.659274
0.673913
0.692193
0.713699
0.73802
0.764709
0.793242
0.822984
0.853168
0.88289
0.91114
0.936865
0.959062
0.97689
0.98977
0.997277
0.999982
0.998154
0.992138
0.982648
0.970875
0.957229
0.942062
0.92587
0.909353
0.893371
0.877656
0.862384
0.847677
0.833615
0.624797
0.636933
0.653289
0.673419
0.69692
0.723387
0.752366
0.783309
0.815534
0.848194
0.88027
0.91061
0.938001
0.961291
0.979529
0.992092
0.998631
0.999813
0.996002
0.987686
0.975769
0.961658
0.945775
0.928497
0.910363
0.892123
0.874684
0.857702
0.841336
0.825689
0.810822
0.599266
0.613025
0.631132
0.653164
0.678736
0.707454
0.738862
0.772392
0.80731
0.84268
0.877351
0.909994
0.939202
0.96364
0.982225
0.994287
0.999583
0.998902
0.992742
0.981765
0.967104
0.950402
0.932087
0.912553
0.89238
0.87236
0.853438
0.835183
0.817732
0.801164
0.785517
0.572073
0.587454
0.607321
0.631284
0.658983
0.690045
0.724018
0.760318
0.798158
0.836504
0.874045
0.909243
0.940448
0.966097
0.984946
0.996277
0.999994
0.997052
0.988117
0.974076
0.956327
0.936775
0.915837
0.893919
0.871628
0.849791
0.829381
0.809868
0.791359
0.773905
0.757516
0.543161
0.560128
0.581731
0.607619
0.637476
0.670953
0.707618
0.746873
0.787884
0.829504
0.870238
0.908292
0.941712
0.968647
0.987653
0.997967
0.999698
0.994016
0.981816
0.964265
0.943063
0.920402
0.896666
0.872256
0.847796
0.824134
0.802255
0.781523
0.762005
0.743719
0.726646
0.512484
0.530958
0.554226
0.581996
0.614001
0.649938
0.689402
0.731798
0.776245
0.821477
0.865785
0.907058
0.94296
0.97127
0.990297
0.999235
0.998479
0.989491
0.973466
0.951912
0.926883
0.900863
0.874178
0.847203
0.820558
0.795096
0.771803
0.749918
0.729466
0.710426
0.692747
0.480015
0.499864
0.524675
0.554226
0.588322
0.626719
0.669061
0.714772
0.762935
0.812161
0.860492
0.905429
0.944146
0.973944
0.992817
0.999927
0.996069
0.983099
0.962608
0.936524
0.907292
0.87769
0.847946
0.818376
0.789577
0.762386
0.737768
0.714832
0.693552
0.673863
0.655682
0.445762
0.466791
0.492952
0.524117
0.560177
0.600976
0.646231
0.695407
0.747573
0.80122
0.854108
0.903258
0.945215
0.976647
0.995138
0.999844
0.992122
0.974368
0.94869
0.91752
0.883727
0.850366
0.817509
0.785378
0.754515
0.725717
0.699913
0.676068
0.654102
0.633906
0.615356
0.40977
0.431711
0.458952
0.491476
0.529289
0.57235
0.620479
0.673226
0.729676
0.788217
0.846295
0.900347
0.946092
0.979349
0.997162
0.998723
0.986189
0.962699
0.931034
0.894217
0.855554
0.818328
0.782383
0.747802
0.715038
0.684823
0.658024
0.633464
0.611001
0.590476
0.571729
0.372149
0.394654
0.422609
0.456133
0.495376
0.540446
0.591312
0.647656
0.708639
0.772582
0.836603
0.896425
0.946682
0.982024
0.998763
0.996211
0.977678
0.947332
0.908815
0.865818
0.82206
0.780968
0.742068
0.705249
0.670839
0.639476
0.611945
0.586923
0.564203
0.543577
0.524845
0.333088
0.355723
0.383924
0.417966
0.458174
0.504849
0.558167
0.618012
0.683701
0.753567
0.824414
0.891112
0.946853
0.98464
0.999771
0.991825
0.965799
0.927292
0.881025
0.831399
0.782462
0.737651
0.696069
0.657349
0.62166
0.589515
0.561594
0.536434
0.513762
0.493317
0.474863
0.292881
0.315132
0.342999
0.376936
0.417472
0.465153
0.520431
0.583485
0.653911
0.730184
0.808871
0.883862
0.946415
0.987166
0.999947
0.984875
0.949474
0.901322
0.84644
0.789902
0.735911
0.687729
0.643917
0.603796
0.567329
0.534886
0.507015
0.482126
0.459877
0.439958
0.422097
0.251961
0.273241
0.30009
0.333145
0.373176
0.421015
0.477473
0.543151
0.618089
0.701122
0.788768
0.873865
0.945092
0.98957
0.998937
0.974361
0.927216
0.867801
0.803587
0.740139
0.681535
0.630598
0.585237
0.544405
0.507835
0.47572
0.448452
0.424337
0.402965
0.383981
0.367077
0.210916
0.230596
0.255659
0.286919
0.325389
0.372238
0.428723
0.496007
0.574811
0.664653
0.762379
0.859883
0.942446
0.99182
0.996192
0.958771
0.896943
0.824638
0.750725
0.68083
0.618476
0.565753
0.519815
0.47921
0.443413
0.412413
0.386423
0.36368
0.343714
0.326128
0.310588
0.170516
0.187972
0.210441
0.238887
0.274544
0.318929
0.373811
0.441079
0.522419
0.618515
0.727207
0.83995
0.937747
0.993884
0.990798
0.935751
0.855709
0.769168
0.685855
0.610678
0.546036
0.492955
0.447776
0.408622
0.374698
0.345771
0.321852
0.301161
0.283182
0.26749
0.253736
0.131725
0.146397
0.165513
0.190105
0.221567
0.261712
0.312829
0.377658
0.459167
0.559841
0.679618
0.810839
0.929685
0.99573
0.98113
0.901509
0.799353
0.698096
0.606841
0.528575
0.463908
0.412483
0.369833
0.333675
0.302947
0.277188
0.256207
0.238281
0.222874
0.209556
0.197981
0.0956807
0.107167
0.12232
0.142147
0.168064
0.20204
0.246756
0.305785
0.383621
0.485276
0.61441
0.76705
0.915695
0.997325
0.964051
0.849766
0.722081
0.607578
0.511742
0.434057
0.372689
0.325626
0.287721
0.25637
0.230291
0.208829
0.191627
0.17712
0.164791
0.154237
0.145144
0.0636483
0.0717954
0.082675
0.097144
0.116474
0.142528
0.178069
0.227156
0.295673
0.391655
0.524504
0.698997
0.890234
0.998632
0.932906
0.769957
0.616236
0.493816
0.39976
0.328355
0.27482
0.235446
0.204764
0.180071
0.159988
0.14378
0.130998
0.120358
0.111415
0.103832
0.0973511
0.0369423
0.041923
0.0486441
0.0577199
0.0700895
0.087212
0.111415
0.146483
0.198683
0.278381
0.401923
0.590109
0.839718
0.999586
0.871909
0.644716
0.473248
0.355301
0.27367
0.216444
0.176087
0.147759
0.12645
0.10977
0.0965155
0.0860168
0.0778604
0.0711524
0.0655705
0.0608774
0.0568954
0.0168018
0.0191561
0.0223591
0.0267378
0.0328009
0.0413908
0.0539151
0.0728842
0.103011
0.153648
0.24429
0.415229
0.72601
0.999999
0.739317
0.44931
0.289962
0.199786
0.145136
0.110223
0.0871797
0.0717427
0.0605135
0.0519462
0.0452695
0.0400655
0.0360746
0.0328245
0.0301419
0.0279016
0.0260118
0.00426054
0.00487053
0.00570774
0.00685942
0.00847191
0.0107901
0.014246
0.0196539
0.0286932
0.0451896
0.0794854
0.16513
0.436365
0.998463
0.425557
0.17739
0.0957097
0.0599946
0.0412554
0.0302853
0.0234345
0.0190095
0.0158698
0.0135176
0.0117105
0.0103207
0.0092603
0.00840247
0.00769794
0.00711226
0.00662005
0
0
-1.19209e-07
5.96046e-08
0
0
nan
5.96046e-08
5.96046e-08
-2.38419e-07
-1.19209e-07
0
0
0
0
-2.38419e-07
0
5.96046e-08
0
0
-1.19209e-07
5.96046e-08
0
0
0
-1.19209e-07
0
0
0
0
0
