0.0610958
0.0643591
0.0672094
0.0696705
0.0717682
0.0735298
0.0749825
0.0761528
0.0770662
0.0777469
0.0782177
0.0784995
0.0786118
0.0785728
0.0783989
0.078105
0.0778639
0.077531
0.0770365
0.0763894
0.0756791
0.0750748
0.0744228
0.0736492
0.0727608
0.0718434
0.0710604
0.0702561
0.0694344
0.0685987
0.0677519
0.0611079
0.0643701
0.0672193
0.0696792
0.0717759
0.0735365
0.0749882
0.0761575
0.0770701
0.07775
0.0782199
0.078501
0.0786127
0.078573
0.0783985
0.0781041
0.0778625
0.0775291
0.0770344
0.0763869
0.0756761
0.0750715
0.0744192
0.0736454
0.0727567
0.0718392
0.071056
0.0702515
0.0694297
0.0685938
0.0677468
0.0611441
0.0644029
0.0672488
0.0697054
0.0717988
0.0735563
0.0750051
0.0761716
0.0770815
0.077759
0.0782266
0.0785054
0.0786152
0.0785737
0.0783974
0.0781015
0.0778584
0.0775237
0.0770276
0.076379
0.0756672
0.0750617
0.0744085
0.0736339
0.0727446
0.0718262
0.0710424
0.0702374
0.0694151
0.0685787
0.0677314
0.0612046
0.0644577
0.0672979
0.069749
0.0718371
0.0735894
0.0750331
0.0761951
0.0771006
0.077774
0.0782377
0.078513
0.0786195
0.0785747
0.0783957
0.078097
0.0778515
0.0775146
0.0770164
0.076366
0.0756525
0.0750453
0.0743907
0.0736148
0.0727242
0.0718048
0.07102
0.0702141
0.069391
0.0685539
0.067706
0.0612892
0.0645345
0.0673668
0.0698101
0.0718908
0.0736359
0.0750728
0.0762283
0.0771276
0.0777952
0.0782536
0.0785238
0.0786255
0.0785765
0.0783934
0.0780911
0.0778422
0.0775022
0.0770011
0.076348
0.0756321
0.0750227
0.0743661
0.0735883
0.072696
0.0717751
0.0709889
0.0701818
0.0693575
0.0685194
0.0676706
0.0613982
0.0646333
0.0674554
0.0698889
0.0719598
0.0736957
0.0751239
0.0762709
0.0771625
0.0778226
0.0782741
0.0785379
0.0786336
0.0785791
0.0783907
0.0780836
0.0778304
0.0774864
0.0769817
0.0763251
0.0756061
0.0749939
0.0743347
0.0735545
0.0726601
0.0717373
0.0709493
0.0701406
0.0693149
0.0684755
0.0676254
0.0615316
0.0647542
0.067564
0.0699853
0.0720445
0.0737692
0.0751865
0.0763234
0.0772053
0.0778565
0.0782995
0.0785555
0.0786439
0.0785825
0.078388
0.0780751
0.0778167
0.0774678
0.0769585
0.0762977
0.0755749
0.0749592
0.0742968
0.0735138
0.0726167
0.0716915
0.0709014
0.0700907
0.0692632
0.0684223
0.0675708
0.0616893
0.0648973
0.0676926
0.0700996
0.0721449
0.0738563
0.075261
0.0763858
0.0772565
0.077897
0.0783301
0.0785768
0.0786566
0.0785872
0.0783853
0.0780656
0.0778009
0.0774462
0.0769317
0.0762661
0.0755387
0.074919
0.0742529
0.0734664
0.0725663
0.0716383
0.0708456
0.0700326
0.0692031
0.0683603
0.0675071
0.0618717
0.0650629
0.0678413
0.0702318
0.0722613
0.0739573
0.0753474
0.0764584
0.0773161
0.0779444
0.078366
0.0786021
0.078672
0.0785935
0.078383
0.0780555
0.0777837
0.0774225
0.0769018
0.0762305
0.075498
0.0748736
0.0742033
0.0734129
0.0725091
0.071578
0.0707824
0.0699668
0.0691348
0.0682899
0.0674348
0.0620789
0.065251
0.0680104
0.0703823
0.0723937
0.0740725
0.0754461
0.0765415
0.0773845
0.0779989
0.0784078
0.0786318
0.0786905
0.0786016
0.0783816
0.0780452
0.0777654
0.0773967
0.0768692
0.0761915
0.0754532
0.0748235
0.0741483
0.0733536
0.0724459
0.0715111
0.0707122
0.0698936
0.069059
0.0682115
0.0673543
0.0623111
0.0654618
0.0682
0.0705512
0.0725425
0.074202
0.0755573
0.0766354
0.077462
0.0780611
0.0784556
0.0786662
0.0787126
0.0786122
0.0783815
0.0780352
0.0777464
0.0773695
0.0768343
0.0761496
0.0754049
0.0747693
0.0740888
0.0732892
0.0723769
0.0714381
0.0706355
0.0698136
0.068976
0.0681259
0.0672662
0.0625685
0.0656958
0.0684106
0.0707389
0.0727081
0.0743463
0.0756815
0.0767405
0.077549
0.0781314
0.0785101
0.078706
0.0787386
0.0786256
0.0783832
0.0780261
0.0777275
0.0773415
0.0767979
0.0761054
0.0753536
0.0747117
0.0740252
0.0732201
0.0723031
0.0713598
0.0705532
0.0697277
0.0688867
0.0680337
0.0671714
0.0628515
0.065953
0.0686424
0.0709457
0.0728908
0.0745059
0.075819
0.0768572
0.0776462
0.0782101
0.0785716
0.0787516
0.0787693
0.0786425
0.0783873
0.0780185
0.0777092
0.0773133
0.0767605
0.0760596
0.0753001
0.0746511
0.0739582
0.0731473
0.0722249
0.0712768
0.0704658
0.0696363
0.0687918
0.0679355
0.0670703
0.0631604
0.066234
0.0688957
0.071172
0.0730911
0.0746812
0.0759705
0.0769862
0.0777539
0.078298
0.0786409
0.0788036
0.0788053
0.0786636
0.0783946
0.078013
0.0776922
0.0772856
0.076723
0.076013
0.0752451
0.0745886
0.0738887
0.0730716
0.0721434
0.07119
0.0703743
0.0695405
0.0686921
0.0678323
0.066964
0.0634956
0.0665392
0.0691712
0.0714185
0.0733094
0.0748726
0.0761364
0.0771279
0.0778729
0.0783956
0.0787186
0.0788628
0.0788472
0.0786896
0.0784059
0.0780107
0.0776774
0.0772595
0.0766862
0.0759664
0.0751896
0.0745249
0.0738177
0.0729937
0.0720593
0.0711004
0.0702796
0.0694412
0.0685887
0.0677251
0.0668534
0.0638577
0.0668693
0.0694694
0.0716856
0.0735465
0.075081
0.0763175
0.0772832
0.078004
0.0785039
0.0788058
0.0789301
0.0788962
0.0787214
0.078422
0.0780123
0.0776658
0.0772357
0.0766512
0.075921
0.0751346
0.0744614
0.0737462
0.0729149
0.071974
0.0710091
0.0701829
0.0693396
0.0684826
0.067615
0.0667397
0.0642474
0.0672246
0.0697909
0.0719741
0.073803
0.0753071
0.0765145
0.0774529
0.0781479
0.0786237
0.078903
0.0790064
0.078953
0.0787602
0.078444
0.0780189
0.0776585
0.0772154
0.0766189
0.0758777
0.0750812
0.0743988
0.0736752
0.0728363
0.0718884
0.0709171
0.0700851
0.0692366
0.0683748
0.067503
0.0666239
0.0646653
0.0676062
0.0701366
0.0722848
0.07408
0.0755517
0.0767286
0.0776379
0.0783057
0.0787561
0.0790115
0.0790927
0.0790188
0.0788069
0.0784732
0.0780318
0.0776566
0.0772
0.0765908
0.0758379
0.0750308
0.0743386
0.0736063
0.0727592
0.0718039
0.0708259
0.0699879
0.0691338
0.068267
0.0673907
0.0665074
0.0651123
0.0680149
0.0705074
0.0726186
0.0743783
0.075816
0.0769605
0.0778395
0.0784787
0.0789022
0.0791326
0.0791905
0.079095
0.0788631
0.0785108
0.0780523
0.0776616
0.0771906
0.0765683
0.0758031
0.0749847
0.0742824
0.0735407
0.072685
0.0717219
0.0707369
0.0698924
0.0690325
0.0681605
0.0672794
0.0663918
0.0655895
0.0684517
0.0709043
0.0729768
0.0746991
0.0761012
0.0772119
0.0780589
0.078668
0.0790634
0.0792676
0.0793011
0.079183
0.0789301
0.0785584
0.078082
0.0776751
0.0771891
0.0765528
0.0757748
0.0749446
0.0742317
0.0734802
0.0726156
0.0716442
0.0706518
0.0698006
0.0689345
0.0680569
0.0671707
0.0662787
0.0660979
0.0689177
0.0713286
0.0733605
0.0750438
0.0764085
0.0774838
0.0782974
0.0788751
0.0792412
0.0794181
0.0794261
0.0792842
0.0790094
0.0786175
0.0781224
0.0776985
0.0771969
0.0765461
0.0757547
0.0749122
0.0741881
0.0734264
0.0725524
0.0715726
0.0705723
0.069714
0.0688415
0.067958
0.0670666
0.0661697
0.066639
0.0694146
0.0717819
0.0737714
0.0754138
0.0767397
0.0777781
0.0785569
0.0791019
0.0794375
0.0795858
0.0795673
0.0794008
0.0791033
0.0786902
0.0781757
0.0777342
0.0772163
0.0765504
0.0757449
0.0748896
0.0741538
0.0733815
0.0724977
0.0715088
0.0705004
0.0696347
0.0687554
0.0678659
0.0669689
0.0660669
0.0672144
0.0699438
0.0722656
0.0742109
0.075811
0.0770964
0.0780964
0.0788391
0.0793503
0.079654
0.0797727
0.0797267
0.0795347
0.0792135
0.0787786
0.0782438
0.077784
0.0772491
0.0765675
0.0757475
0.0748788
0.074131
0.0733476
0.0724537
0.0714554
0.0704384
0.069565
0.0686787
0.0677827
0.0668798
0.0659726
0.0678258
0.0705071
0.0727817
0.0746812
0.0762373
0.0774807
0.078441
0.0791462
0.0796222
0.0798931
0.0799812
0.0799066
0.0796882
0.0793424
0.0788849
0.0783292
0.0778504
0.0772981
0.0766001
0.075765
0.0748826
0.0741222
0.0733273
0.0724226
0.0714145
0.0703887
0.0695072
0.0686135
0.0677108
0.0668019
0.0658891
0.0684754
0.0711068
0.0733325
0.0751845
0.0766949
0.077895
0.0788142
0.0794806
0.0799203
0.0801573
0.0802137
0.0801097
0.0798639
0.0794929
0.0790118
0.0784345
0.0779361
0.0773656
0.0766508
0.0758001
0.0749032
0.0741299
0.073323
0.0724073
0.0713891
0.0703539
0.069464
0.0685627
0.067653
0.0667376
0.0658189
0.0691654
0.0717452
0.0739201
0.0757231
0.0771866
0.0783418
0.0792186
0.0798451
0.0802473
0.0804493
0.080473
0.0803387
0.0800646
0.0796674
0.0791623
0.0785626
0.078044
0.0774548
0.0767226
0.0758557
0.0749439
0.0741572
0.0733379
0.0724107
0.0713819
0.0703371
0.0694384
0.068529
0.067612
0.0666898
0.0657651
0.0698986
0.072425
0.0745477
0.0763002
0.0777151
0.078824
0.0796572
0.0802426
0.0806063
0.0807722
0.0807623
0.0805967
0.0802937
0.0798696
0.0793395
0.0787169
0.0781774
0.077569
0.0768188
0.0759351
0.0750079
0.0742072
0.0733751
0.0724361
0.0713964
0.0703413
0.0694336
0.0685158
0.067591
0.0666618
0.0657306
0.0706781
0.0731495
0.0752183
0.0769187
0.0782836
0.0793452
0.0801336
0.0806767
0.0810008
0.0811296
0.0810852
0.0808875
0.0805546
0.0801029
0.0795472
0.0789009
0.0783399
0.0777117
0.0769429
0.076042
0.0750989
0.0742839
0.0734385
0.072487
0.0714358
0.0703704
0.069453
0.0685265
0.0675937
0.0666571
0.065719
0.0715073
0.0739221
0.0759356
0.0775824
0.0788961
0.079909
0.0806512
0.0811511
0.0814346
0.0815254
0.0814457
0.0812149
0.0808515
0.0803713
0.0797893
0.0791186
0.0785356
0.0778869
0.0770991
0.0761803
0.0752208
0.0743909
0.0735317
0.0725676
0.0715044
0.0704279
0.0695007
0.068565
0.0676237
0.0666793
0.065734
0.0723902
0.0747467
0.0767034
0.0782954
0.0795566
0.0805196
0.0812147
0.0816701
0.081912
0.0819639
0.0818479
0.0815835
0.0811886
0.0806793
0.0800704
0.0793746
0.0787689
0.0780993
0.0772918
0.0763546
0.0753781
0.0745328
0.0736594
0.0726819
0.0716063
0.0705184
0.0695807
0.0686354
0.0676853
0.0667327
0.0657798
0.073331
0.075628
0.0775265
0.0790622
0.0802698
0.0811817
0.0818286
0.0822386
0.0824379
0.0824501
0.0822969
0.0819979
0.081571
0.0810318
0.0803951
0.0796737
0.0790448
0.0783536
0.0775258
0.0765696
0.0755756
0.0747143
0.0738262
0.0728348
0.0717463
0.0706464
0.0696978
0.0687425
0.0677829
0.0668216
0.0658608
0.074335
0.0765709
0.0784098
0.0798881
0.0810408
0.0819005
0.0824981
0.0828619
0.0830176
0.0829892
0.0827981
0.0824637
0.0820039
0.0814341
0.0807691
0.0800214
0.0793686
0.0786551
0.0778065
0.0768307
0.0758184
0.0749407
0.0740373
0.0730315
0.0719294
0.0708169
0.069857
0.068891
0.0679217
0.0669512
0.0659818
0.0754078
0.0775812
0.0793593
0.080779
0.0818755
0.0826821
0.0832294
0.0835459
0.0836574
0.0835874
0.0833576
0.0829871
0.0824936
0.0818926
0.0811984
0.0804236
0.0797463
0.07901
0.0781398
0.0771438
0.0761126
0.0752179
0.0742986
0.0732778
0.0721615
0.0710358
0.070064
0.0690868
0.068107
0.0671268
0.0661483
0.0765554
0.0786651
0.0803811
0.0817411
0.0827806
0.0835329
0.084029
0.0842973
0.0843635
0.0842513
0.0839819
0.0835745
0.0830465
0.0824135
0.0816895
0.0808869
0.0801844
0.0794247
0.0785323
0.0775153
0.0764646
0.0755522
0.0746163
0.0735798
0.0724487
0.0713091
0.0703247
0.0693358
0.0683449
0.0673544
0.0663661
0.0777851
0.0798299
0.0814827
0.0827817
0.0837631
0.0844603
0.0849043
0.0851235
0.0851437
0.0849883
0.0846785
0.0842334
0.0836703
0.0830044
0.0822497
0.0814186
0.0806902
0.0799063
0.0789911
0.0779523
0.0768813
0.0759505
0.0749974
0.0739446
0.0727978
0.0716436
0.0706459
0.0696445
0.0686419
0.0676403
0.0666416
0.0791048
0.0810834
0.0826719
0.083909
0.0848313
0.0854724
0.0858634
0.0860326
0.0860059
0.0858065
0.0854556
0.084972
0.0843729
0.0836734
0.0828873
0.0820268
0.0812718
0.0804629
0.079524
0.0784626
0.0773706
0.0764206
0.0754495
0.0743795
0.0732162
0.0720464
0.0710347
0.07002
0.0690049
0.0679915
0.0669816
0.0805232
0.0824345
0.0839577
0.085132
0.0859942
0.0865783
0.0869154
0.0870339
0.0869593
0.0867152
0.0863222
0.0857993
0.0851633
0.0844293
0.083611
0.0827202
0.0819378
0.0811032
0.0801397
0.0790549
0.0779408
0.0769708
0.0759809
0.0748928
0.0737121
0.0725259
0.0714992
0.0704704
0.0694419
0.0684158
0.0673939
0.0820502
0.0838932
0.08535
0.0864605
0.0872618
0.087788
0.0880702
0.088137
0.088014
0.0877241
0.0872883
0.0867251
0.0860514
0.085282
0.0844305
0.0835085
0.0826978
0.0818366
0.0808476
0.0797384
0.0786012
0.0776103
0.0766006
0.0754934
0.0742943
0.0730906
0.072048
0.0710042
0.0699613
0.0689215
0.0678866
0.0836966
0.0854705
0.08686
0.0879057
0.0886451
0.0891126
0.0893392
0.0893535
0.0891809
0.0888444
0.0883648
0.0877605
0.0870481
0.0862423
0.0853567
0.0844025
0.0835625
0.0826737
0.0816582
0.0805234
0.0793621
0.0783491
0.0773187
0.0761912
0.0749725
0.0737501
0.0726906
0.0716305
0.0705723
0.0695177
0.0684687
0.0854749
0.0871785
0.0884998
0.08948
0.0901566
0.0905644
0.0907345
0.0906953
0.0904724
0.0900883
0.0895639
0.0889175
0.0881653
0.0873223
0.0864011
0.0854137
0.0845434
0.083626
0.0825827
0.0814211
0.0802344
0.0791983
0.0781459
0.076997
0.0757573
0.074515
0.0734373
0.0723599
0.0712849
0.0702144
0.0691501
0.0873983
0.0890308
0.0902831
0.0911967
0.0918098
0.092157
0.0922697
0.0921761
0.0919017
0.0914693
0.090899
0.0902092
0.0894163
0.0885345
0.087577
0.086555
0.0856532
0.0847058
0.0836336
0.0824439
0.0812303
0.0801698
0.0790941
0.0779224
0.0766603
0.0753966
0.0742993
0.0732032
0.0721103
0.0710225
0.0699414
0.089482
0.0910425
0.0922249
0.0930712
0.0936199
0.0939056
0.0939599
0.0938109
0.0934841
0.093002
0.0923848
0.0916506
0.0908155
0.0898938
0.0888984
0.0878406
0.0869059
0.0859273
0.0848246
0.0836052
0.0823633
0.0812769
0.0801764
0.0789804
0.0776943
0.0764074
0.0752892
0.0741728
0.0730603
0.0719537
0.0708545
0.0917425
0.0932303
0.0943419
0.09512
0.0956033
0.0958267
0.0958215
0.0956161
0.0952357
0.0947027
0.0940373
0.0932573
0.0923788
0.0914158
0.0903809
0.0892855
0.0883165
0.0873052
0.0861705
0.0849198
0.0836478
0.0825339
0.081407
0.0801848
0.0788729
0.0775611
0.0764201
0.0752817
0.0741481
0.0730209
0.0719018
0.0941983
0.0956125
0.0966526
0.0973617
0.0977786
0.0979385
0.0978729
0.0976098
0.0971746
0.0965894
0.0958744
0.0950472
0.0941236
0.0931176
0.0920418
0.0909071
0.0899021
0.0888563
0.0876878
0.0864038
0.0850997
0.0839565
0.0828013
0.0815511
0.0802114
0.0788726
0.077707
0.0765448
0.075388
0.0742384
0.0730975
0.0968698
0.0982097
0.0991773
0.0998163
0.100166
0.100261
0.100134
0.0998121
0.0993206
0.0986818
0.0979156
0.0970394
0.0960691
0.0950182
0.0938994
0.0927236
0.0916808
0.0905986
0.0893943
0.0880749
0.0867366
0.085562
0.0843764
0.0830961
0.0817262
0.080358
0.0791657
0.0779775
0.0767955
0.0756214
0.0744566
0.0997794
0.101044
0.101938
0.102506
0.102788
0.102817
0.102627
0.102245
0.101695
0.101001
0.100182
0.0992551
0.0982361
0.0971383
0.0959747
0.0947553
0.0936726
0.0925519
0.0913094
0.0899522
0.0885771
0.0873689
0.0861507
0.0848378
0.0834352
0.0820353
0.0808138
0.0795974
0.0783878
0.0771867
0.0759958
0.102952
0.104141
0.104961
0.105457
0.105668
0.105631
0.105376
0.104932
0.104323
0.103572
0.102697
0.101718
0.100648
0.0995007
0.0982895
0.0970244
0.0958994
0.0947378
0.0934546
0.0920568
0.0906425
0.089398
0.0881446
0.0867962
0.0853582
0.0839236
0.0826705
0.081423
0.0801832
0.0789527
0.0777329
0.106415
0.107526
0.108271
0.108694
0.108834
0.108729
0.108408
0.107899
0.107229
0.106419
0.105487
0.104452
0.103329
0.10213
0.100869
0.099555
0.0983851
0.0971798
0.0958531
0.0944118
0.0929549
0.0916714
0.0903799
0.0889933
0.0875166
0.0860441
0.0847564
0.0834751
0.0822022
0.0809393
0.0796878
0.110198
0.111232
0.1119
0.112248
0.112316
0.11214
0.111751
0.111177
0.110443
0.109571
0.10858
0.107486
0.106307
0.105054
0.103739
0.102374
0.101156
0.0999039
0.0985305
0.0970423
0.0955397
0.0942139
0.0928811
0.0914527
0.0899339
0.0884202
0.0870946
0.0857762
0.084467
0.0831686
0.0818822
0.114334
0.115289
0.11588
0.116152
0.116146
0.115897
0.115438
0.114796
0.113996
0.113059
0.112005
0.110851
0.109612
0.108301
0.10693
0.105509
0.10424
0.102938
0.101514
0.0999757
0.0984235
0.0970519
0.0956742
0.0942005
0.0926357
0.0910768
0.0897098
0.0883508
0.0870017
0.0856642
0.0843394
0.11886
0.119735
0.120247
0.120441
0.120359
0.120036
0.119504
0.118791
0.117921
0.116917
0.115797
0.114579
0.113277
0.111904
0.110473
0.108993
0.107669
0.106313
0.104835
0.103242
0.101636
0.100215
0.0987882
0.0972649
0.0956499
0.0940417
0.0926293
0.0912258
0.0898329
0.0884524
0.0870854
0.123815
0.124609
0.12504
0.125154
0.124993
0.124594
0.123986
0.123199
0.122257
0.121182
0.119993
0.118706
0.117337
0.115899
0.114403
0.11286
0.111477
0.110063
0.108526
0.106874
0.105209
0.103734
0.102254
0.100677
0.0990072
0.0973448
0.0958827
0.0944303
0.0929894
0.0915616
0.0901481
0.129243
0.129954
0.130302
0.130335
0.130093
0.129613
0.128927
0.128062
0.127044
0.125894
0.124631
0.123272
0.121832
0.120323
0.118758
0.117147
0.1157
0.114224
0.112624
0.110906
0.109179
0.107644
0.106107
0.104471
0.102741
0.101019
0.0995027
0.0979967
0.096503
0.0950232
0.0935586
0.135192
0.135818
0.136081
0.136028
0.135702
0.135139
0.134371
0.133425
0.132327
0.131098
0.129756
0.12832
0.126803
0.12522
0.12358
0.121895
0.120379
0.118835
0.117166
0.115379
0.113582
0.111984
0.110383
0.108683
0.106887
0.105101
0.103525
0.10196
0.100408
0.0988713
0.0973504
0.141711
0.14225
0.142426
0.142286
0.141873
0.141222
0.140368
0.139336
0.138153
0.13684
0.135415
0.133896
0.132298
0.130633
0.128913
0.127149
0.125559
0.123941
0.122198
0.120335
0.118462
0.116794
0.115125
0.113354
0.111486
0.109629
0.107987
0.106358
0.104743
0.103143
0.101561
0.148859
0.149309
0.149394
0.149163
0.148658
0.147916
0.146971
0.145849
0.144575
0.143172
0.141658
0.140051
0.138365
0.136613
0.134806
0.132956
0.131286
0.129589
0.127764
0.125818
0.123864
0.12212
0.120375
0.118527
0.116582
0.114647
0.112933
0.111234
0.109549
0.107881
0.10623
0.156695
0.157053
0.157043
0.156717
0.156117
0.155279
0.154237
0.153019
0.15165
0.150151
0.148542
0.14684
0.145059
0.143213
0.141313
0.13937
0.137612
0.135829
0.133916
0.131881
0.129838
0.12801
0.126183
0.124252
0.12222
0.120201
0.118409
0.116632
0.114871
0.113128
0.111403
0.165286
0.165547
0.16544
0.165014
0.164313
0.163374
0.16223
0.16091
0.159438
0.157837
0.156126
0.154321
0.152439
0.150491
0.148491
0.146447
0.144595
0.142718
0.14071
0.138576
0.136436
0.134519
0.132602
0.13058
0.128455
0.126343
0.124466
0.122604
0.12076
0.118934
0.117128
0.174701
0.174862
0.174653
0.174122
0.173315
0.172269
0.171016
0.169587
0.168006
0.166295
0.164474
0.16256
0.160568
0.158511
0.156402
0.15425
0.152295
0.150316
0.148204
0.145965
0.14372
0.141704
0.13969
0.137568
0.135341
0.133128
0.131158
0.129204
0.127269
0.125353
0.123459
0.185016
0.185073
0.184756
0.184115
0.183196
0.182035
0.180668
0.179122
0.177424
0.175596
0.173657
0.171625
0.169515
0.16734
0.165113
0.162844
0.160778
0.158689
0.156465
0.154111
0.151751
0.149629
0.147509
0.145279
0.142942
0.140619
0.138547
0.136493
0.134459
0.132445
0.130454
0.196311
0.19626
0.195829
0.195072
0.194033
0.192752
0.191261
0.189592
0.187768
0.185814
0.183749
0.18159
0.179353
0.177051
0.174697
0.172301
0.170116
0.167908
0.165562
0.163083
0.1606
0.158362
0.156128
0.153781
0.151324
0.148882
0.1467
0.144537
0.142394
0.140274
0.138178
0.208673
0.208507
0.207957
0.207076
0.205911
0.204501
0.202879
0.201077
0.199119
0.19703
0.194829
0.192534
0.190161
0.187723
0.185232
0.1827
0.180385
0.178049
0.175571
0.172959
0.170343
0.167979
0.165621
0.163147
0.16056
0.15799
0.155688
0.153407
0.151148
0.148912
0.146701
0.222189
0.221902
0.221226
0.220216
0.218916
0.217369
0.215608
0.213664
0.211564
0.20933
0.206984
0.204543
0.202023
0.199438
0.196801
0.194123
0.191669
0.189194
0.186576
0.183819
0.181059
0.178561
0.176069
0.173458
0.170731
0.168022
0.165592
0.163183
0.160797
0.158436
0.156102
0.236955
0.23654
0.235731
0.234582
0.23314
0.231447
0.229538
0.227443
0.22519
0.222803
0.220302
0.217706
0.21503
0.212288
0.209494
0.206659
0.204056
0.201433
0.198664
0.195752
0.192838
0.190195
0.187559
0.184801
0.181924
0.179065
0.176496
0.173949
0.171428
0.168932
0.166464
0.253065
0.252516
0.251566
0.250271
0.248678
0.246831
0.244764
0.24251
0.240095
0.237545
0.234879
0.232117
0.229275
0.226366
0.223405
0.220403
0.217641
0.21486
0.211929
0.208852
0.205773
0.202975
0.200186
0.197271
0.194233
0.191214
0.188495
0.185801
0.183133
0.180493
0.177882
0.270618
0.269927
0.268829
0.267379
0.265628
0.263618
0.261385
0.258962
0.256377
0.253653
0.250813
0.247876
0.244858
0.241773
0.238635
0.235455
0.232525
0.229576
0.226473
0.22322
0.219966
0.217004
0.214051
0.210968
0.207759
0.204569
0.201692
0.19884
0.196016
0.193221
0.190457
0.289711
0.288872
0.287617
0.286006
0.284088
0.281907
0.2795
0.2769
0.274135
0.27123
0.268207
0.265086
0.261882
0.258612
0.255288
0.251922
0.248813
0.245687
0.242403
0.238965
0.235526
0.232389
0.229263
0.226003
0.222612
0.219242
0.216196
0.213176
0.210186
0.207226
0.204299
0.31044
0.309445
0.308028
0.306248
0.304156
0.301797
0.299209
0.296424
0.293472
0.290379
0.287165
0.283852
0.280455
0.276991
0.273473
0.269912
0.266618
0.263305
0.259831
0.2562
0.252567
0.249246
0.245938
0.242492
0.23891
0.23535
0.232126
0.22893
0.225764
0.22263
0.21953
0.332895
0.331738
0.330152
0.328198
0.325927
0.323385
0.32061
0.317635
0.314491
0.311202
0.307793
0.304281
0.300686
0.297022
0.293302
0.28954
0.286052
0.282547
0.278876
0.275043
0.27121
0.267699
0.2642
0.260559
0.256779
0.253021
0.24961
0.246229
0.242879
0.239563
0.236281
0.357156
0.355834
0.354076
0.351944
0.349491
0.346761
0.343796
0.340628
0.337288
0.333802
0.330192
0.32648
0.322681
0.318813
0.314889
0.310921
0.307236
0.303533
0.29966
0.295621
0.29158
0.287872
0.284178
0.280337
0.276351
0.272388
0.268784
0.26521
0.26167
0.258163
0.254693
0.383294
0.381803
0.379872
0.377561
0.374924
0.372009
0.368853
0.365492
0.361957
0.358272
0.354463
0.350549
0.346548
0.342475
0.338345
0.334171
0.330285
0.326382
0.322306
0.318058
0.313809
0.3099
0.306007
0.301961
0.297766
0.293594
0.289792
0.286021
0.282284
0.278583
0.274918
0.411356
0.409698
0.407594
0.405107
0.402292
0.399193
0.395851
0.392303
0.388576
0.384699
0.380694
0.376583
0.372383
0.368109
0.363777
0.359399
0.355316
0.351215
0.346936
0.342481
0.338023
0.333916
0.329822
0.325572
0.321167
0.316785
0.312783
0.308813
0.304877
0.300977
0.297114
0.441367
0.439547
0.437278
0.434623
0.431636
0.428364
0.424847
0.421119
0.417212
0.413151
0.408961
0.404663
0.400273
0.395809
0.391284
0.38671
0.382436
0.378144
0.373669
0.369013
0.364354
0.36005
0.355761
0.351311
0.3467
0.342111
0.337911
0.333743
0.329609
0.325511
0.32145
0.47332
0.471347
0.468924
0.466114
0.462971
0.459541
0.455864
0.451975
0.447904
0.443678
0.43932
0.43485
0.430288
0.425649
0.420946
0.416193
0.411742
0.40727
0.402612
0.397768
0.392919
0.388431
0.383955
0.379314
0.374507
0.36972
0.365329
0.36097
0.356643
0.352352
0.348099
0.507163
0.505053
0.502495
0.499551
0.496273
0.492709
0.488896
0.48487
0.480661
0.476295
0.471795
0.467181
0.46247
0.45768
0.452824
0.447914
0.443306
0.438677
0.433856
0.428845
0.423826
0.41917
0.414525
0.409709
0.404722
0.399752
0.395184
0.390646
0.386139
0.381666
0.37723
0.542799
0.540574
0.537906
0.534856
0.531475
0.527807
0.523893
0.519765
0.515452
0.51098
0.506372
0.501648
0.496824
0.491918
0.486942
0.481909
0.477176
0.472417
0.467464
0.462316
0.457156
0.452358
0.447568
0.442604
0.437463
0.432335
0.427611
0.422913
0.418246
0.41361
0.409008
0.580063
0.577754
0.575011
0.571891
0.568446
0.564718
0.560745
0.556558
0.552187
0.547656
0.542986
0.538198
0.533307
0.528329
0.52328
0.518168
0.51335
0.508502
0.503457
0.498213
0.492953
0.48805
0.483151
0.478073
0.472814
0.467564
0.462715
0.457889
0.45309
0.448319
0.443579
0.618727
0.616371
0.613594
0.610452
0.606992
0.603254
0.599276
0.595086
0.590712
0.586179
0.581505
0.57671
0.57181
0.566819
0.561753
0.55662
0.551769
0.546885
0.541802
0.536516
0.531209
0.52625
0.52129
0.516147
0.510818
0.505494
0.500563
0.495651
0.490761
0.485894
0.481054
0.658474
0.656118
0.653359
0.650248
0.646831
0.643145
0.639225
0.635098
0.630788
0.626321
0.621711
0.616981
0.612143
0.607211
0.602197
0.597112
0.592296
0.587441
0.582386
0.577127
0.57184
0.566887
0.561927
0.556782
0.551448
0.54611
0.541154
0.536212
0.531285
0.526376
0.521488
0.698906
0.696601
0.693915
0.690898
0.68759
0.684026
0.680236
0.676245
0.672078
0.667754
0.663292
0.658705
0.654011
0.649218
0.644342
0.63939
0.634687
0.62994
0.624994
0.619846
0.614661
0.60979
0.604906
0.599837
0.594577
0.589305
0.584397
0.579494
0.574601
0.569718
0.564849
0.739527
0.737327
0.734778
0.731921
0.728793
0.725425
0.721843
0.718071
0.71413
0.710036
0.705807
0.701456
0.696997
0.69244
0.687794
0.683071
0.678572
0.674024
0.66928
0.664338
0.659354
0.654657
0.64994
0.645038
0.639949
0.634839
0.630066
0.625291
0.620517
0.615747
0.610982
0.779745
0.777709
0.775358
0.772729
0.769852
0.766756
0.763464
0.759994
0.756365
0.752593
0.74869
0.744671
0.740543
0.73632
0.732005
0.727614
0.723418
0.71917
0.714733
0.710106
0.705429
0.701009
0.696562
0.691936
0.687126
0.682287
0.677753
0.67321
0.668658
0.664102
0.659543
0.818883
0.817064
0.81497
0.812632
0.810076
0.807324
0.804396
0.801308
0.798075
0.794711
0.791225
0.787629
0.783931
0.78014
0.776262
0.772306
0.768515
0.76467
0.760649
0.75645
0.752196
0.748164
0.744098
0.739862
0.735451
0.731005
0.726826
0.722628
0.718416
0.71419
0.709954
0.856186
0.854628
0.852842
0.850848
0.848669
0.846322
0.843824
0.841187
0.838423
0.835542
0.832552
0.829465
0.826284
0.823013
0.819666
0.816243
0.812953
0.80961
0.806109
0.802445
0.798726
0.79519
0.791617
0.787889
0.783999
0.780069
0.776363
0.772634
0.768882
0.76511
0.76132
0.890843
0.88958
0.888133
0.886521
0.884759
0.88286
0.880837
0.878698
0.876455
0.874114
0.871681
0.869162
0.866564
0.863891
0.861144
0.858331
0.855621
0.85286
0.849966
0.84693
0.843843
0.840898
0.837916
0.834799
0.83154
0.82824
0.825119
0.821969
0.818794
0.815594
0.812372
0.922018
0.921065
0.919971
0.918754
0.917423
0.915988
0.91446
0.912842
0.911142
0.909364
0.907516
0.9056
0.903618
0.901575
0.899473
0.897315
0.895232
0.893105
0.890872
0.888526
0.886133
0.883845
0.881522
0.879091
0.876543
0.873958
0.871504
0.869023
0.866515
0.863983
0.861426
0.948894
0.948238
0.947487
0.946652
0.945738
0.944754
0.943702
0.94259
0.941418
0.940193
0.938916
0.93759
0.936216
0.934799
0.933337
0.931836
0.930381
0.928894
0.927327
0.92568
0.923999
0.922386
0.920745
0.919022
0.917217
0.91538
0.913631
0.911859
0.910064
0.908247
0.906408
0.970707
0.970316
0.969871
0.969374
0.96883
0.968244
0.967618
0.966955
0.966256
0.965525
0.96476
0.963966
0.963144
0.962293
0.961414
0.960511
0.959633
0.958734
0.957787
0.956788
0.955766
0.954785
0.953784
0.952734
0.95163
0.950503
0.949428
0.948337
0.94723
0.946107
0.944968
0.986803
0.986622
0.986416
0.986186
0.985935
0.985662
0.985372
0.985065
0.984742
0.984402
0.984047
0.983678
0.983294
0.982898
0.982489
0.982065
0.981654
0.981233
0.980788
0.98032
0.97984
0.979377
0.978906
0.978409
0.977888
0.977355
0.976845
0.976326
0.975799
0.975264
0.97472
0.996673
0.996628
0.996574
0.996515
0.996451
0.996382
0.996307
0.996228
0.996144
0.996059
0.995966
0.995871
0.995773
0.995669
0.995566
0.995457
0.995351
0.995242
0.995127
0.995006
0.994882
0.994762
0.99464
0.994511
0.994375
0.994234
0.994101
0.993966
0.993829
0.993689
0.993547
1
1
1
1
1
1
nan
1
1
1
1
1
1
1
1
1
1
1
1
1
1
1
1
1
1
1
1
1
1
1
1
