0.938904
0.935641
0.932791
0.93033
0.928232
0.92647
0.925017
0.923847
0.922934
0.922253
0.921782
0.921501
0.921388
0.921427
0.921601
0.921895
0.922136
0.922469
0.922964
0.923611
0.924321
0.924925
0.925577
0.926351
0.927239
0.928157
0.92894
0.929744
0.930566
0.931401
0.932248
0.938892
0.93563
0.932781
0.930321
0.928224
0.926463
0.925012
0.923842
0.92293
0.92225
0.92178
0.921499
0.921387
0.921427
0.921602
0.921896
0.922137
0.922471
0.922966
0.923613
0.924324
0.924928
0.925581
0.926355
0.927243
0.928161
0.928944
0.929748
0.93057
0.931406
0.932253
0.938856
0.935597
0.932751
0.930295
0.928201
0.926444
0.924995
0.923828
0.922918
0.922241
0.921773
0.921495
0.921385
0.921426
0.921603
0.921899
0.922142
0.922476
0.922972
0.923621
0.924333
0.924938
0.925591
0.926366
0.927255
0.928174
0.928958
0.929763
0.930585
0.931421
0.932269
0.938795
0.935542
0.932702
0.930251
0.928163
0.926411
0.924967
0.923805
0.922899
0.922226
0.921762
0.921487
0.921381
0.921425
0.921604
0.921903
0.922148
0.922485
0.922984
0.923634
0.924348
0.924955
0.925609
0.926385
0.927276
0.928195
0.92898
0.929786
0.930609
0.931446
0.932294
0.938711
0.935465
0.932633
0.93019
0.928109
0.926364
0.924927
0.923772
0.922872
0.922205
0.921746
0.921476
0.921374
0.921423
0.921607
0.921909
0.922158
0.922498
0.922999
0.923652
0.924368
0.924977
0.925634
0.926412
0.927304
0.928225
0.929011
0.929818
0.930642
0.931481
0.932329
0.938602
0.935367
0.932545
0.930111
0.92804
0.926304
0.924876
0.923729
0.922837
0.922177
0.921726
0.921462
0.921366
0.921421
0.921609
0.921916
0.92217
0.922514
0.923018
0.923675
0.924394
0.925006
0.925665
0.926445
0.92734
0.928263
0.929051
0.929859
0.930685
0.931525
0.932375
0.938468
0.935246
0.932436
0.930015
0.927956
0.926231
0.924814
0.923677
0.922795
0.922144
0.9217
0.921445
0.921356
0.921417
0.921612
0.921925
0.922183
0.922532
0.923042
0.923702
0.924425
0.925041
0.925703
0.926486
0.927383
0.928308
0.929099
0.929909
0.930737
0.931578
0.932429
0.938311
0.935103
0.932307
0.9299
0.927855
0.926144
0.924739
0.923614
0.922744
0.922103
0.92167
0.921423
0.921343
0.921413
0.921615
0.921934
0.922199
0.922554
0.923068
0.923734
0.924461
0.925081
0.925747
0.926534
0.927434
0.928362
0.929154
0.929967
0.930797
0.93164
0.932493
0.938128
0.934937
0.932159
0.929768
0.927739
0.926043
0.924653
0.923542
0.922684
0.922056
0.921634
0.921398
0.921328
0.921407
0.921617
0.921944
0.922216
0.922578
0.923098
0.923769
0.924502
0.925126
0.925797
0.926587
0.927491
0.928422
0.929218
0.930033
0.930865
0.93171
0.932565
0.937921
0.934749
0.93199
0.929618
0.927606
0.925928
0.924554
0.923458
0.922616
0.922001
0.921592
0.921368
0.921309
0.921398
0.921618
0.921955
0.922235
0.922603
0.923131
0.923808
0.924547
0.925177
0.925852
0.926646
0.927554
0.928489
0.929288
0.930106
0.930941
0.931788
0.932646
0.937689
0.934538
0.9318
0.929449
0.927457
0.925798
0.924443
0.923365
0.922538
0.921939
0.921544
0.921334
0.921287
0.921388
0.921619
0.921965
0.922254
0.922631
0.923166
0.92385
0.924595
0.925231
0.925911
0.926711
0.927623
0.928562
0.929365
0.930186
0.931024
0.931874
0.932734
0.937431
0.934304
0.931589
0.929261
0.927292
0.925654
0.924318
0.923259
0.922451
0.921869
0.92149
0.921294
0.921261
0.921374
0.921617
0.921974
0.922273
0.922659
0.923202
0.923895
0.924646
0.925288
0.925975
0.92678
0.927697
0.92864
0.929447
0.930272
0.931113
0.931966
0.932829
0.937149
0.934047
0.931358
0.929054
0.927109
0.925494
0.924181
0.923143
0.922354
0.92179
0.921428
0.921248
0.921231
0.921358
0.921613
0.921982
0.922291
0.922687
0.923239
0.92394
0.9247
0.925349
0.926042
0.926853
0.927775
0.928723
0.929534
0.930364
0.931208
0.932064
0.93293
0.93684
0.933766
0.931104
0.928828
0.926909
0.925319
0.92403
0.923014
0.922246
0.921702
0.921359
0.921196
0.921195
0.921336
0.921605
0.921987
0.922308
0.922714
0.923277
0.923987
0.924755
0.925411
0.926111
0.926928
0.927857
0.92881
0.929626
0.930459
0.931308
0.932168
0.933036
0.936504
0.933461
0.930829
0.928581
0.926691
0.925127
0.923864
0.922872
0.922127
0.921604
0.921281
0.921137
0.921153
0.92131
0.921594
0.921989
0.922323
0.922741
0.923314
0.924034
0.92481
0.925475
0.926182
0.927006
0.927941
0.9289
0.92972
0.930559
0.931411
0.932275
0.933147
0.936142
0.933131
0.930531
0.928314
0.926453
0.924919
0.923683
0.922717
0.921996
0.921496
0.921194
0.92107
0.921104
0.921279
0.921578
0.921988
0.922334
0.922764
0.923349
0.924079
0.924865
0.925539
0.926254
0.927085
0.928026
0.928991
0.929817
0.93066
0.931517
0.932385
0.93326
0.935753
0.932775
0.930209
0.928026
0.926197
0.924693
0.923485
0.922547
0.921852
0.921376
0.921097
0.920994
0.921047
0.92124
0.921556
0.921981
0.922342
0.922785
0.923381
0.924122
0.924919
0.925601
0.926325
0.927164
0.928112
0.929083
0.929915
0.930763
0.931625
0.932497
0.933376
0.935335
0.932394
0.929863
0.927715
0.92592
0.924448
0.923271
0.922362
0.921694
0.921244
0.920989
0.920907
0.920981
0.921193
0.921527
0.921968
0.922343
0.9228
0.923409
0.924162
0.924969
0.925661
0.926394
0.927241
0.928196
0.929174
0.930012
0.930866
0.931733
0.932609
0.933493
0.934888
0.931985
0.929493
0.927381
0.925622
0.924184
0.923039
0.922161
0.921521
0.921098
0.920867
0.920809
0.920905
0.921137
0.921489
0.921948
0.922338
0.922809
0.923432
0.924197
0.925015
0.925718
0.926459
0.927315
0.928278
0.929263
0.930108
0.930967
0.93184
0.932721
0.933608
0.934411
0.931548
0.929096
0.927023
0.925301
0.923899
0.922788
0.921941
0.921332
0.920937
0.920732
0.920699
0.920817
0.92107
0.921442
0.921918
0.922325
0.922811
0.923447
0.924225
0.925055
0.925768
0.92652
0.927384
0.928356
0.929348
0.930199
0.931065
0.931943
0.932829
0.933721
0.933902
0.931082
0.928671
0.926639
0.924956
0.923591
0.922516
0.921703
0.921125
0.920759
0.920582
0.920574
0.920716
0.920991
0.921382
0.921878
0.922302
0.922803
0.923454
0.924245
0.925088
0.925812
0.926574
0.927448
0.928427
0.929428
0.930286
0.931159
0.932042
0.932933
0.93383
0.933361
0.930585
0.928218
0.926229
0.924586
0.92326
0.922222
0.921443
0.920898
0.920563
0.920414
0.920433
0.920599
0.920897
0.92131
0.921824
0.922266
0.922784
0.92345
0.924255
0.92511
0.925846
0.926618
0.927502
0.928491
0.9295
0.930365
0.931245
0.932134
0.933031
0.933933
0.932786
0.930056
0.927734
0.925789
0.924189
0.922904
0.921904
0.921161
0.92065
0.920346
0.920227
0.920273
0.920465
0.920786
0.921221
0.921756
0.922216
0.922751
0.923432
0.924253
0.925121
0.925869
0.926652
0.927546
0.928545
0.929562
0.930435
0.931321
0.932217
0.93312
0.934027
0.932174
0.929493
0.927218
0.925319
0.923763
0.922519
0.921559
0.920854
0.920378
0.920107
0.920019
0.920093
0.920312
0.920658
0.921115
0.921671
0.92215
0.922702
0.9234
0.924235
0.925117
0.925878
0.926673
0.927577
0.928585
0.929611
0.930493
0.931386
0.932289
0.933198
0.934111
0.931525
0.928893
0.926668
0.924816
0.923305
0.922105
0.921186
0.920519
0.92008
0.919843
0.919786
0.91989
0.920136
0.920507
0.920988
0.921565
0.922064
0.922634
0.923349
0.9242
0.925097
0.92587
0.926677
0.927593
0.928611
0.929646
0.930536
0.931437
0.932347
0.933262
0.934181
0.930835
0.928255
0.92608
0.924277
0.922813
0.921658
0.920781
0.920155
0.919753
0.919551
0.919527
0.919661
0.919935
0.920333
0.920838
0.921437
0.921956
0.922545
0.923277
0.924144
0.925056
0.925843
0.926662
0.927589
0.928618
0.929663
0.930562
0.931471
0.932388
0.93331
0.934235
0.930101
0.927575
0.925452
0.9237
0.922285
0.921176
0.920343
0.919757
0.919394
0.919228
0.919238
0.919403
0.919706
0.92013
0.92066
0.921283
0.921823
0.922431
0.923181
0.924065
0.924992
0.925793
0.926625
0.927564
0.928604
0.929659
0.930566
0.931484
0.932409
0.933338
0.934269
0.929322
0.926851
0.924782
0.923081
0.921716
0.920655
0.919866
0.919323
0.918999
0.91887
0.918915
0.919113
0.919445
0.919897
0.920453
0.921099
0.92166
0.922288
0.923057
0.923958
0.924901
0.925716
0.926562
0.927513
0.928564
0.92963
0.930547
0.931473
0.932406
0.933343
0.934281
0.928493
0.926078
0.924064
0.922418
0.921104
0.920091
0.919349
0.918849
0.918565
0.918475
0.918554
0.918785
0.919149
0.919629
0.920211
0.920881
0.921464
0.922113
0.922901
0.92382
0.924779
0.925609
0.926468
0.927432
0.928496
0.929572
0.930499
0.931435
0.932376
0.933321
0.934266
0.92761
0.925253
0.923297
0.921705
0.920443
0.91948
0.918785
0.91833
0.918088
0.918036
0.918152
0.918417
0.918811
0.919321
0.91993
0.920625
0.921231
0.921901
0.922708
0.923645
0.924622
0.925467
0.926341
0.927318
0.928394
0.929482
0.930419
0.931365
0.932315
0.933267
0.93422
0.926669
0.924372
0.922474
0.920938
0.91973
0.918818
0.918171
0.917761
0.917562
0.91755
0.917703
0.918002
0.918429
0.918968
0.919605
0.920326
0.920955
0.921646
0.922474
0.92343
0.924424
0.925286
0.926174
0.927165
0.928254
0.929354
0.930302
0.931258
0.932217
0.933178
0.934139
0.925665
0.923429
0.92159
0.920112
0.918959
0.9181
0.917502
0.917138
0.916982
0.917011
0.917202
0.917536
0.917996
0.918566
0.919231
0.919979
0.920631
0.921345
0.922194
0.923169
0.924182
0.925059
0.925963
0.926968
0.928071
0.929183
0.930143
0.931109
0.932078
0.933049
0.934018
0.924592
0.922419
0.920641
0.919221
0.918125
0.917318
0.916771
0.916454
0.916343
0.916413
0.916642
0.917013
0.917506
0.918107
0.918802
0.919576
0.920254
0.92099
0.92186
0.922856
0.923887
0.924782
0.925701
0.926722
0.927839
0.928964
0.929936
0.930913
0.931893
0.932873
0.933852
0.923445
0.921335
0.919619
0.918259
0.917219
0.916467
0.915971
0.915703
0.915636
0.915749
0.916018
0.916425
0.916953
0.917586
0.918311
0.919113
0.919816
0.920575
0.921468
0.922485
0.923535
0.924448
0.925384
0.92642
0.927551
0.928691
0.929675
0.930664
0.931655
0.932646
0.933634
0.922215
0.92017
0.918517
0.917218
0.916237
0.91554
0.915096
0.914876
0.914856
0.915012
0.915321
0.915767
0.91633
0.916996
0.91775
0.918581
0.91931
0.920094
0.921009
0.922048
0.923119
0.924049
0.925003
0.926055
0.927202
0.928356
0.929354
0.930356
0.931358
0.93236
0.933358
0.920895
0.918917
0.917328
0.916091
0.915169
0.914528
0.914137
0.913967
0.913994
0.914193
0.914544
0.915028
0.915627
0.916327
0.917113
0.917973
0.918728
0.919537
0.920476
0.921537
0.922629
0.923579
0.92455
0.92562
0.926784
0.927954
0.928965
0.92998
0.930995
0.932009
0.933018
0.919477
0.917565
0.916042
0.914868
0.914006
0.913422
0.913085
0.912966
0.913041
0.913285
0.913678
0.914201
0.914837
0.915571
0.916389
0.91728
0.918062
0.918897
0.91986
0.920945
0.922059
0.923029
0.924019
0.925107
0.926288
0.927474
0.928501
0.92953
0.930558
0.931584
0.932606
0.91795
0.916107
0.91465
0.913539
0.912738
0.912212
0.91193
0.911863
0.911986
0.912276
0.912712
0.913275
0.913949
0.914718
0.91557
0.916492
0.917302
0.918163
0.919152
0.920262
0.921399
0.92239
0.923399
0.924507
0.925706
0.926909
0.927952
0.928996
0.930039
0.931078
0.932113
0.916303
0.91453
0.91314
0.912094
0.911355
0.910887
0.910661
0.910647
0.910819
0.911156
0.911635
0.91224
0.912952
0.913758
0.914643
0.915597
0.916438
0.917326
0.918342
0.919477
0.920638
0.921651
0.922681
0.923809
0.925027
0.92625
0.927309
0.928369
0.929428
0.930482
0.931531
0.914525
0.912822
0.9115
0.91052
0.909843
0.909436
0.909265
0.909305
0.909528
0.909912
0.910436
0.911083
0.911835
0.912678
0.913599
0.914586
0.915457
0.916374
0.917417
0.918579
0.919766
0.920802
0.921854
0.923003
0.924243
0.925485
0.926563
0.92764
0.928715
0.929786
0.93085
0.912602
0.910969
0.909717
0.908803
0.90819
0.907843
0.90773
0.907824
0.908098
0.908531
0.909101
0.909791
0.910584
0.911465
0.912423
0.913445
0.914347
0.915294
0.916366
0.917556
0.91877
0.91983
0.920906
0.922078
0.92334
0.924603
0.925701
0.926797
0.92789
0.928978
0.930059
0.910518
0.908957
0.907775
0.906929
0.90638
0.906094
0.90604
0.906189
0.906516
0.906998
0.907615
0.908349
0.909184
0.910106
0.911102
0.912159
0.913094
0.914073
0.915175
0.916395
0.917637
0.918723
0.919824
0.92102
0.922306
0.923593
0.924711
0.925827
0.92694
0.928046
0.929146
0.908257
0.90677
0.905658
0.90488
0.904397
0.904173
0.904179
0.904384
0.904764
0.905297
0.905963
0.906743
0.907621
0.908584
0.909619
0.910715
0.911683
0.912695
0.91383
0.91508
0.916352
0.917466
0.918593
0.919815
0.921127
0.922439
0.92358
0.924718
0.925852
0.926979
0.928098
0.905802
0.904387
0.903347
0.902638
0.902221
0.902062
0.902127
0.90239
0.902825
0.903411
0.904126
0.904953
0.905876
0.906882
0.907958
0.909093
0.910098
0.911144
0.912312
0.913596
0.9149
0.916043
0.917199
0.918449
0.919789
0.921127
0.922293
0.923455
0.924612
0.925762
0.926902
0.90313
0.90179
0.900823
0.900184
0.899834
0.899739
0.899866
0.900188
0.900679
0.901318
0.902084
0.902961
0.903931
0.904982
0.906101
0.907276
0.908319
0.909401
0.910606
0.911925
0.913263
0.914438
0.915624
0.916904
0.918274
0.919642
0.920834
0.922022
0.923204
0.924379
0.925543
0.900221
0.898956
0.898062
0.897494
0.897212
0.897183
0.897373
0.897755
0.898305
0.898999
0.899818
0.900745
0.901764
0.902862
0.904025
0.905245
0.906327
0.907448
0.908691
0.910048
0.911423
0.912631
0.913849
0.915162
0.916565
0.917965
0.919186
0.920403
0.921612
0.922813
0.924004
0.897048
0.895859
0.895039
0.894543
0.894332
0.894369
0.894624
0.895068
0.895677
0.896428
0.897303
0.898282
0.899352
0.900499
0.901711
0.902976
0.904101
0.905262
0.906545
0.907943
0.909358
0.910602
0.911855
0.913204
0.914642
0.916076
0.91733
0.918577
0.919817
0.921047
0.922267
0.893585
0.892474
0.891729
0.891306
0.891165
0.891271
0.891593
0.892101
0.892771
0.893581
0.894513
0.895548
0.896671
0.89787
0.899131
0.900445
0.901615
0.90282
0.904147
0.905588
0.907045
0.908329
0.90962
0.911007
0.912483
0.913956
0.915244
0.916525
0.917798
0.919061
0.920312
0.889802
0.888768
0.8881
0.887752
0.887684
0.88786
0.888249
0.888823
0.889557
0.890429
0.89142
0.892514
0.893693
0.894946
0.896261
0.897626
0.898844
0.900096
0.901469
0.902958
0.90446
0.905786
0.907119
0.908547
0.910066
0.91158
0.912905
0.914224
0.915533
0.916831
0.918118
0.885666
0.884711
0.88412
0.883848
0.883854
0.884103
0.884562
0.885204
0.886004
0.886941
0.887995
0.889149
0.890388
0.891699
0.89307
0.894491
0.89576
0.897062
0.898486
0.900024
0.901577
0.902948
0.904326
0.9058
0.907364
0.908923
0.91029
0.911649
0.912998
0.914336
0.915661
0.88114
0.880265
0.879753
0.879559
0.879641
0.879964
0.880496
0.881209
0.882079
0.883083
0.884203
0.885421
0.886723
0.888096
0.889527
0.891007
0.892331
0.893687
0.895165
0.896758
0.898364
0.899785
0.901212
0.902735
0.90435
0.905958
0.907371
0.908774
0.910167
0.911548
0.912915
0.876185
0.875391
0.87496
0.874846
0.875006
0.875406
0.876014
0.876801
0.877743
0.878818
0.880007
0.881294
0.882663
0.884101
0.885597
0.88714
0.888523
0.889937
0.891474
0.893126
0.894791
0.896266
0.897746
0.899323
0.900993
0.902655
0.904117
0.90557
0.907011
0.908438
0.909852
0.870757
0.870046
0.869698
0.869665
0.869907
0.870387
0.871073
0.871938
0.872956
0.874106
0.875369
0.876728
0.878168
0.879677
0.881242
0.882853
0.8843
0.885776
0.887376
0.889094
0.890821
0.892356
0.893893
0.895529
0.897259
0.898981
0.900497
0.902003
0.903497
0.904977
0.906441
0.864808
0.864182
0.863919
0.863972
0.864298
0.864861
0.865629
0.866575
0.867673
0.868902
0.870244
0.87168
0.873197
0.87478
0.87642
0.878105
0.879621
0.881165
0.882834
0.884621
0.886418
0.888016
0.889617
0.891317
0.893113
0.894899
0.896475
0.89804
0.899592
0.901129
0.90265
0.858289
0.85775
0.857574
0.857714
0.858127
0.858778
0.859632
0.860664
0.861847
0.86316
0.864585
0.866104
0.867702
0.869367
0.871087
0.872851
0.874441
0.876059
0.877802
0.879665
0.881538
0.883206
0.884875
0.886646
0.888514
0.890371
0.892013
0.893642
0.895257
0.896857
0.898439
0.851141
0.850691
0.850606
0.850837
0.851342
0.852084
0.853029
0.854151
0.855425
0.856828
0.858342
0.859949
0.861635
0.863387
0.865194
0.867044
0.868714
0.870412
0.872236
0.874182
0.876136
0.87788
0.879625
0.881473
0.883418
0.885353
0.887067
0.888766
0.890451
0.892119
0.89377
0.843305
0.842947
0.842957
0.843283
0.843883
0.844721
0.845763
0.846981
0.84835
0.849849
0.851458
0.85316
0.854941
0.856787
0.858687
0.86063
0.862388
0.864171
0.866084
0.868119
0.870162
0.87199
0.873817
0.875748
0.87778
0.879799
0.881591
0.883368
0.885129
0.886872
0.888597
0.834714
0.834453
0.83456
0.834986
0.835687
0.836626
0.83777
0.83909
0.840562
0.842163
0.843874
0.845679
0.847561
0.849509
0.851509
0.853553
0.855405
0.857282
0.85929
0.861424
0.863564
0.865481
0.867398
0.86942
0.871545
0.873657
0.875534
0.877396
0.87924
0.881066
0.882872
0.825299
0.825138
0.825347
0.825878
0.826685
0.827731
0.828984
0.830413
0.831994
0.833705
0.835526
0.83744
0.839432
0.841489
0.843598
0.84575
0.847705
0.849684
0.851796
0.854035
0.85628
0.858296
0.86031
0.862432
0.864659
0.866872
0.868842
0.870796
0.872731
0.874647
0.876541
0.814984
0.814927
0.815244
0.815884
0.816804
0.817965
0.819332
0.820878
0.822576
0.824404
0.826343
0.828375
0.830485
0.83266
0.834887
0.837156
0.839222
0.841311
0.843535
0.845889
0.848249
0.850371
0.852491
0.854721
0.857058
0.859381
0.861453
0.863507
0.865541
0.867555
0.869546
0.803689
0.80374
0.804171
0.804928
0.805967
0.807248
0.808739
0.810408
0.812232
0.814186
0.816251
0.81841
0.820647
0.822949
0.825303
0.827699
0.829884
0.832092
0.834438
0.836917
0.8394
0.841638
0.843872
0.846219
0.848676
0.851118
0.8533
0.855463
0.857606
0.859726
0.861822
0.791327
0.791493
0.792043
0.792924
0.794089
0.795499
0.797121
0.798923
0.800881
0.80297
0.805171
0.807466
0.809839
0.812277
0.814768
0.8173
0.819615
0.821951
0.824428
0.827041
0.829657
0.832021
0.834379
0.836853
0.83944
0.84201
0.844312
0.846593
0.848852
0.851088
0.853299
0.777811
0.778098
0.778774
0.779784
0.781084
0.782631
0.784392
0.786336
0.788436
0.79067
0.793016
0.795457
0.797977
0.800561
0.803199
0.805877
0.808331
0.810806
0.813424
0.816181
0.818941
0.821439
0.823931
0.826542
0.829269
0.831978
0.834408
0.836817
0.839203
0.841564
0.843898
0.763045
0.76346
0.764269
0.765418
0.76686
0.768553
0.770462
0.772557
0.77481
0.777197
0.779698
0.782294
0.78497
0.787712
0.790506
0.793341
0.795944
0.798567
0.801336
0.804248
0.807162
0.809805
0.812441
0.815199
0.818076
0.820935
0.823504
0.826051
0.828573
0.831068
0.833536
0.746935
0.747484
0.748434
0.749729
0.751322
0.753169
0.755236
0.75749
0.759905
0.762455
0.765121
0.767883
0.770725
0.773634
0.776595
0.779597
0.782359
0.78514
0.788071
0.791148
0.794227
0.797025
0.799814
0.802729
0.805767
0.808786
0.811505
0.814199
0.816867
0.819507
0.822118
0.729382
0.730073
0.731171
0.732621
0.734372
0.736382
0.738615
0.741038
0.743623
0.746347
0.749187
0.752124
0.755142
0.758227
0.761365
0.764545
0.767475
0.770424
0.773527
0.77678
0.780034
0.782996
0.785949
0.789032
0.792241
0.795431
0.798308
0.80116
0.803984
0.806779
0.809543
0.710289
0.711128
0.712383
0.713994
0.715912
0.718093
0.7205
0.7231
0.725865
0.72877
0.731793
0.734914
0.738118
0.741388
0.744712
0.748078
0.751187
0.754313
0.757597
0.761035
0.764474
0.767611
0.770737
0.773997
0.777388
0.780758
0.783804
0.786824
0.789814
0.792774
0.795701
0.68956
0.690555
0.691972
0.693752
0.695844
0.698203
0.700791
0.703576
0.706528
0.709621
0.712835
0.716148
0.719545
0.723009
0.726527
0.730088
0.733382
0.736695
0.740169
0.7438
0.747433
0.750754
0.754062
0.757508
0.76109
0.76465
0.767874
0.77107
0.774236
0.77737
0.78047
0.667105
0.668262
0.669848
0.671802
0.674073
0.676615
0.67939
0.682365
0.685509
0.688798
0.692207
0.695719
0.699314
0.702978
0.706698
0.71046
0.713948
0.717453
0.721124
0.724957
0.72879
0.732301
0.7358
0.739441
0.743221
0.746979
0.75039
0.753771
0.757121
0.760437
0.763719
0.642844
0.644166
0.645924
0.648056
0.650509
0.653239
0.656204
0.659372
0.662712
0.666198
0.669808
0.67352
0.677319
0.681187
0.685111
0.689079
0.692764
0.696467
0.70034
0.704379
0.70842
0.712128
0.715822
0.719663
0.723649
0.727612
0.731216
0.73479
0.73833
0.741837
0.745307
0.616706
0.618196
0.620128
0.622439
0.625076
0.627991
0.631147
0.634508
0.638043
0.641728
0.645537
0.649451
0.653452
0.657525
0.661655
0.665829
0.669715
0.673617
0.677694
0.681942
0.686191
0.6901
0.693993
0.698039
0.702234
0.706406
0.710208
0.713979
0.717716
0.721417
0.725082
0.588644
0.590302
0.592406
0.594893
0.597708
0.600807
0.604149
0.607697
0.611424
0.615301
0.619306
0.623417
0.627617
0.631891
0.636223
0.640601
0.644684
0.648785
0.653064
0.657519
0.661977
0.666084
0.670178
0.674428
0.678833
0.683215
0.687217
0.691187
0.695123
0.699023
0.702886
0.558633
0.560453
0.562722
0.565377
0.568364
0.571636
0.575153
0.578881
0.582788
0.586849
0.591039
0.595337
0.599727
0.604191
0.608716
0.61329
0.617564
0.621856
0.626331
0.630987
0.635646
0.63995
0.644239
0.648689
0.6533
0.657889
0.662089
0.666257
0.670391
0.674489
0.67855
0.52668
0.528653
0.531076
0.533886
0.537029
0.540459
0.544136
0.548025
0.552096
0.556322
0.56068
0.56515
0.569712
0.574351
0.579054
0.583807
0.588258
0.59273
0.597388
0.602232
0.607081
0.611569
0.616045
0.620686
0.625493
0.63028
0.634671
0.63903
0.643357
0.647648
0.651901
0.492837
0.494947
0.497505
0.500449
0.503727
0.507291
0.511104
0.51513
0.519339
0.523705
0.528205
0.532819
0.53753
0.54232
0.547176
0.552086
0.556694
0.561323
0.566144
0.571155
0.576174
0.58083
0.585475
0.590291
0.595278
0.600248
0.604816
0.609354
0.613861
0.618334
0.62277
0.457201
0.459426
0.462094
0.465144
0.468525
0.472193
0.476107
0.480235
0.484548
0.48902
0.493628
0.498352
0.503176
0.508082
0.513058
0.518091
0.522824
0.527583
0.532536
0.537684
0.542844
0.547642
0.552432
0.557396
0.562537
0.567665
0.572389
0.577087
0.581754
0.58639
0.590992
0.419937
0.422246
0.424989
0.428109
0.431554
0.435282
0.439255
0.443442
0.447813
0.452344
0.457014
0.461802
0.466693
0.471671
0.47672
0.481832
0.48665
0.491498
0.496543
0.501787
0.507047
0.51195
0.516849
0.521927
0.527186
0.532436
0.537285
0.542111
0.54691
0.551681
0.556421
0.381273
0.383629
0.386406
0.389548
0.393008
0.396746
0.400724
0.404914
0.409288
0.413821
0.418495
0.42329
0.42819
0.433181
0.438247
0.44338
0.448231
0.453115
0.458198
0.463484
0.468791
0.47375
0.47871
0.483853
0.489182
0.494506
0.499437
0.504349
0.509239
0.514106
0.518946
0.341526
0.343882
0.346641
0.349752
0.353169
0.356855
0.360775
0.364902
0.369212
0.373679
0.378289
0.383019
0.387857
0.392789
0.397803
0.402888
0.407704
0.412559
0.417614
0.422873
0.42816
0.433113
0.438073
0.443218
0.448552
0.45389
0.458846
0.463788
0.468715
0.473624
0.478512
0.301094
0.303399
0.306085
0.309102
0.31241
0.315974
0.319764
0.323755
0.327922
0.332246
0.336708
0.341295
0.345989
0.350782
0.355658
0.36061
0.365313
0.37006
0.375006
0.380154
0.385339
0.39021
0.395094
0.400163
0.405423
0.410695
0.415603
0.420506
0.425399
0.430282
0.435151
0.260473
0.262673
0.265222
0.268079
0.271207
0.274575
0.278157
0.281929
0.28587
0.289964
0.294193
0.298544
0.303003
0.30756
0.312206
0.316929
0.321428
0.325976
0.33072
0.335662
0.340646
0.345343
0.35006
0.354962
0.360051
0.365161
0.369934
0.374709
0.379483
0.384253
0.389018
0.220255
0.222291
0.224642
0.227271
0.230148
0.233244
0.236536
0.240006
0.243635
0.247407
0.25131
0.255329
0.259457
0.26368
0.267995
0.272386
0.276582
0.28083
0.285267
0.289894
0.294571
0.298991
0.303438
0.308064
0.312874
0.317713
0.322247
0.32679
0.331342
0.335898
0.340457
0.181117
0.182936
0.18503
0.187368
0.189924
0.192676
0.195604
0.198692
0.201925
0.205289
0.208775
0.212371
0.216069
0.21986
0.223738
0.227694
0.231485
0.23533
0.239351
0.24355
0.247804
0.251836
0.255902
0.260138
0.264549
0.268995
0.273174
0.277372
0.281584
0.28581
0.290046
0.143814
0.145372
0.147158
0.149152
0.151331
0.153678
0.156176
0.158813
0.161577
0.164458
0.167448
0.170535
0.173716
0.176987
0.180334
0.183757
0.187047
0.19039
0.193891
0.197555
0.201274
0.20481
0.208383
0.212111
0.216001
0.219931
0.223637
0.227366
0.231118
0.23489
0.23868
0.109157
0.11042
0.111867
0.113479
0.115241
0.11714
0.119163
0.121302
0.123545
0.125886
0.128319
0.130838
0.133436
0.136109
0.138856
0.141669
0.144379
0.14714
0.150034
0.15307
0.156157
0.159102
0.162084
0.165201
0.16846
0.17176
0.174881
0.178031
0.181206
0.184406
0.187628
0.0779816
0.0789354
0.0800288
0.0812463
0.082577
0.0840119
0.0855404
0.0871582
0.0888585
0.0906359
0.0924844
0.0943999
0.0963818
0.0984254
0.100527
0.102685
0.104768
0.106895
0.109128
0.111474
0.113867
0.116155
0.118478
0.120909
0.123457
0.126042
0.128496
0.130977
0.133485
0.136017
0.138574
0.0511061
0.0517618
0.0525125
0.0533476
0.0542619
0.0552465
0.0562977
0.0574101
0.058582
0.0598074
0.061084
0.0624101
0.0637839
0.0652014
0.0666626
0.0681639
0.0696187
0.0711061
0.0726731
0.0743195
0.0760008
0.0776144
0.0792551
0.0809776
0.0827829
0.0846195
0.0863685
0.0881408
0.0899361
0.0917532
0.0935919
0.0292933
0.0296836
0.0301288
0.0306257
0.0311698
0.0317558
0.0323818
0.0330448
0.0337437
0.0344754
0.0352399
0.0360337
0.0368561
0.0377074
0.0385855
0.0394894
0.040367
0.0412658
0.0422132
0.0432121
0.0442336
0.0452153
0.0462158
0.0472656
0.0483705
0.0494974
0.050572
0.0516629
0.05277
0.0538931
0.0550317
0.0131969
0.0133782
0.0135839
0.0138144
0.0140651
0.014338
0.0146278
0.0149347
0.0152584
0.0155985
0.0159532
0.0163224
0.0167058
0.0171016
0.0175112
0.017935
0.0183457
0.0187667
0.0192119
0.0196798
0.0201601
0.0206227
0.0210944
0.0215908
0.0221122
0.0226454
0.0231552
0.0236737
0.0242007
0.0247359
0.0252796
0.00332665
0.00337225
0.00342572
0.00348461
0.00354898
0.00361848
0.00369298
0.00377154
0.00385559
0.00394142
0.00403392
0.00412893
0.00422668
0.00433052
0.00443435
0.00454319
0.0046494
0.004758
0.0048728
0.00499392
0.00511831
0.00523818
0.00536036
0.00548917
0.00562501
0.0057658
0.00589859
0.00603372
0.00617146
0.0063113
0.00645328
0
0
0
0
0
0
nan
0
0
-2.38419e-07
0
5.96046e-08
0
1.19209e-07
2.38419e-07
-1.19209e-07
-2.38419e-07
1.19209e-07
0
-1.19209e-07
-1.19209e-07
0
0
0
1.19209e-07
0
0
1.19209e-07
0
0
0
