0.0592611
0.0715891
0.0785536
0.0800448
0.0766238
0.0692523
0.0591026
0.0474203
0.035413
0.0241572
0.0145236
0.00712714
0.00230862
0.000148399
0.000506695
0.00308016
0.00739432
0.013051
0.0196662
0.0268355
0.0341551
0.0412804
0.0480549
0.0543071
0.0598798
0.0646798
0.0687291
0.0719903
0.0744691
0.0761883
0.0771831
0.059311
0.0716231
0.0785689
0.0800414
0.0766038
0.0692189
0.0590601
0.0473731
0.0353657
0.0241139
0.0144876
0.00710084
0.00229341
0.000144577
0.000513675
0.00309668
0.00741861
0.0130812
0.0197006
0.0268721
0.0341923
0.0413169
0.0480897
0.0543392
0.0599085
0.0647047
0.06875
0.0720069
0.0744815
0.0761964
0.0771871
0.0594602
0.0717247
0.0786143
0.0800307
0.0765431
0.0691184
0.0589322
0.0472314
0.0352237
0.0239839
0.0143797
0.00702227
0.00224807
0.000133408
0.000534894
0.00314649
0.0074917
0.0131721
0.0198036
0.026982
0.0343041
0.0414266
0.0481941
0.0544353
0.0599945
0.0647789
0.068812
0.0720563
0.074518
0.0762202
0.0771986
0.0597083
0.0718929
0.0786887
0.0800117
0.0764411
0.0689502
0.0587186
0.0469952
0.0349874
0.0237679
0.0142008
0.00689221
0.00217354
0.000115796
0.000571184
0.00323032
0.00761413
0.013324
0.0199757
0.0271652
0.0344903
0.0416093
0.0483677
0.0545955
0.0601374
0.0649024
0.0689151
0.0721382
0.0745785
0.0762596
0.0772174
0.0600538
0.072126
0.0787904
0.0799828
0.0762963
0.0687133
0.0584189
0.0466645
0.0346571
0.0234666
0.0139518
0.00671212
0.00207132
9.32458e-05
0.000623943
0.00334935
0.00778695
0.0135377
0.0202173
0.0274221
0.0347512
0.041865
0.0486105
0.0548191
0.060337
0.0650746
0.0690587
0.0722522
0.0746626
0.076314
0.0772431
0.060495
0.0724216
0.0789165
0.0799414
0.0761065
0.0684061
0.058032
0.0462389
0.0342334
0.0230813
0.0136346
0.00648398
0.00194353
6.78588e-05
0.000695101
0.00350529
0.00801145
0.0138142
0.0205291
0.027753
0.0350866
0.0421933
0.0489221
0.0551057
0.0605923
0.0652947
0.069242
0.0723973
0.0747692
0.0763827
0.0772748
0.0610298
0.0727766
0.079064
0.0798844
0.0758694
0.0680268
0.0575572
0.0457188
0.0337173
0.0226136
0.0132514
0.00621034
0.0017929
4.23155e-05
0.000787135
0.00370027
0.00828941
0.0141549
0.020912
0.0281584
0.0354969
0.0425943
0.0493019
0.0554547
0.0609028
0.0655619
0.069464
0.0725726
0.0748975
0.0764645
0.0773116
0.0616549
0.0731871
0.0792288
0.0798082
0.0755816
0.0675733
0.0569932
0.0451038
0.0331096
0.0220654
0.0128047
0.00589438
0.00162279
1.98925e-05
0.000903034
0.00393682
0.00862285
0.0145612
0.0213669
0.0286387
0.0359818
0.0430674
0.0497494
0.0558651
0.0612673
0.0658749
0.0697235
0.0727768
0.0750461
0.0765583
0.0773523
0.0623672
0.0736488
0.0794061
0.0797083
0.0752399
0.067043
0.0563389
0.0443941
0.0324117
0.0214392
0.0122979
0.00553987
0.00143713
4.42726e-06
0.00104631
0.00421796
0.00901424
0.0150348
0.021895
0.0291945
0.0365417
0.0436124
0.0502639
0.0563359
0.0616848
0.0662326
0.0700191
0.0730086
0.0752136
0.0766627
0.0773955
0.0631624
0.0741563
0.0795905
0.0795799
0.07484
0.0664334
0.055593
0.0435901
0.0316254
0.0207377
0.0117348
0.00515108
0.00124044
3.15466e-07
0.00122093
0.00454708
0.00946619
0.0155779
0.0224976
0.0298265
0.0371763
0.0442287
0.0508443
0.0568661
0.0621537
0.0666332
0.0703492
0.0732661
0.0753984
0.076776
0.0774398
0.0640357
0.0747038
0.0797758
0.0794173
0.0743775
0.0657413
0.0547542
0.042692
0.0307526
0.0199645
0.0111197
0.00473305
0.00103788
1.24973e-05
0.00143135
0.00492791
0.00998169
0.0161924
0.0231758
0.0305351
0.0378857
0.0449158
0.0514899
0.0574543
0.0626724
0.067075
0.0707118
0.0735475
0.0755986
0.0768965
0.0774834
0.0649816
0.0752843
0.0799553
0.0792145
0.0738478
0.0649637
0.0538213
0.0417007
0.0297957
0.0191234
0.0104576
0.00429133
0.000835157
4.64316e-05
0.00168245
0.00536456
0.010564
0.0168807
0.0239314
0.0313209
0.0386698
0.0456729
0.0521993
0.0580989
0.0632393
0.0675562
0.0711051
0.0738508
0.0758122
0.0770223
0.0775246
0.0659936
0.0758905
0.0801217
0.0789652
0.073246
0.0640977
0.0527933
0.0406171
0.0287579
0.018219
0.00975404
0.0038321
0.000638584
0.000108081
0.00197952
0.00586141
0.0112164
0.0176452
0.0247654
0.0321846
0.0395282
0.0464992
0.0529712
0.0587982
0.0638522
0.0680745
0.0715266
0.0741737
0.0760369
0.0771511
0.0775611
0.0670648
0.0765143
0.0802668
0.0786622
0.0725668
0.06314
0.0516693
0.0394427
0.0276422
0.0172562
0.00901535
0.00336218
0.000455001
0.000203872
0.00232819
0.00642311
0.0119425
0.0184883
0.0256794
0.0331265
0.0404607
0.0473937
0.0538041
0.0595502
0.064509
0.0686277
0.0719741
0.0745139
0.0762705
0.0772807
0.077591
0.0681872
0.0771466
0.0803824
0.0782986
0.0718048
0.0620876
0.0504488
0.0381792
0.0264531
0.0162408
0.00824832
0.00288901
0.000291818
0.000340681
0.00273448
0.0070545
0.012746
0.0194126
0.0266748
0.034147
0.0414667
0.0483553
0.0546963
0.060353
0.0652074
0.0692131
0.0724449
0.0748687
0.0765103
0.0774088
0.0776121
0.069352
0.0777782
0.0804592
0.0778667
0.0709548
0.0609379
0.0491317
0.0368293
0.025195
0.0151793
0.00746063
0.00242067
0.000156956
0.000525789
0.00320464
0.00776065
0.0136306
0.0204204
0.0277528
0.0352464
0.0425458
0.0493826
0.0556461
0.0612043
0.065945
0.0698282
0.0729364
0.0752354
0.076754
0.0775329
0.077622
0.0705496
0.0783985
0.0804879
0.0773589
0.0700114
0.0596881
0.0477183
0.0353958
0.0238732
0.0140788
0.00666043
0.00196577
5.8822e-05
0.000766853
0.0037452
0.00854673
0.0146002
0.0215142
0.0289146
0.0364247
0.0436969
0.050474
0.0566511
0.0621015
0.0667188
0.07047
0.0734455
0.0756112
0.0769984
0.0776503
0.0776184
0.0717695
0.0789969
0.0804588
0.0767676
0.0689697
0.0583361
0.0462095
0.0338824
0.022494
0.0129472
0.00585672
0.00153357
6.29862e-06
0.00107185
0.00436286
0.00941804
0.0156585
0.0226965
0.0301614
0.0376819
0.0449192
0.0516279
0.0577093
0.063042
0.067526
0.0711356
0.0739694
0.0759932
0.0772411
0.0777587
0.0775989
0.0730004
0.0795621
0.0803619
0.076085
0.0678249
0.0568806
0.0446068
0.0322938
0.0210643
0.0117931
0.00505908
0.00113387
8.69084e-06
0.00144904
0.00506451
0.0103798
0.0168092
0.0239694
0.031494
0.0390178
0.0462114
0.0528423
0.0588181
0.0640231
0.0683636
0.0718219
0.0745049
0.0763783
0.0774791
0.0778551
0.0775612
0.0742302
0.0800822
0.080187
0.0753036
0.0665725
0.0553203
0.0429126
0.0306352
0.0195917
0.010626
0.00427781
0.000777035
7.56911e-05
0.00190692
0.00585712
0.0114373
0.018056
0.0253351
0.0329131
0.0404319
0.0475721
0.0541152
0.059975
0.0650418
0.0692286
0.0725257
0.0750489
0.0767635
0.0777096
0.0779372
0.0775029
0.075446
0.0805451
0.0799242
0.0744162
0.0652087
0.0536548
0.0411299
0.0289127
0.0180849
0.00945612
0.00352393
0.000473931
0.000217342
0.00245419
0.00674764
0.0125958
0.0194023
0.0267953
0.0344192
0.0419233
0.0489997
0.0554441
0.0611771
0.0660948
0.0701176
0.0732435
0.0755981
0.0771458
0.0779297
0.0780022
0.0774217
0.0766344
0.0809384
0.0795633
0.0734159
0.0637301
0.0518848
0.0392628
0.0271335
0.0165534
0.00829452
0.00280903
0.000235909
0.000443994
0.00309966
0.00774315
0.0138605
0.0208515
0.0283519
0.0360124
0.0434914
0.0504923
0.0568267
0.0624215
0.0671792
0.0710271
0.0739723
0.0761494
0.0775222
0.0781367
0.0780478
0.0773156
0.0777814
0.0812495
0.0790946
0.0722963
0.0621343
0.0500115
0.0373162
0.0253056
0.0150077
0.00715301
0.00214542
7.47555e-05
0.000766222
0.00385222
0.00885059
0.0152361
0.0224066
0.0300061
0.037693
0.0451348
0.052048
0.0582601
0.0637051
0.0682915
0.0719541
0.0747086
0.0766995
0.0778897
0.078328
0.0780717
0.0771825
0.0788724
0.0814661
0.0785087
0.071052
0.0604197
0.0480373
0.0352963
0.0234383
0.0134591
0.00604425
0.00154593
2.66825e-06
0.00119484
0.00472082
0.0100768
0.0167275
0.0240705
0.0317591
0.0394604
0.0468522
0.0536644
0.0597419
0.0650248
0.0694284
0.0728949
0.0754492
0.0772455
0.0782454
0.078501
0.0780715
0.0770205
0.0798927
0.0815757
0.0777967
0.0696778
0.0585854
0.0459657
0.0332102
0.0215417
0.01192
0.00498163
0.00102404
3.22052e-05
0.00174079
0.00571435
0.0114283
0.0183391
0.0258456
0.0336118
0.0413143
0.0486418
0.0553392
0.0612686
0.0663772
0.0705864
0.0738463
0.0761908
0.0777842
0.0785867
0.0786532
0.0780453
0.0768282
0.0808272
0.0815664
0.0769504
0.0681699
0.0566321
0.0438012
0.0310662
0.0196272
0.0104036
0.00397939
0.000593769
0.000176243
0.00241512
0.00684162
0.0129119
0.0200753
0.0277342
0.0355647
0.0432537
0.050502
0.0570696
0.0628375
0.0677591
0.0717623
0.074805
0.0769303
0.078313
0.0789111
0.0787828
0.0779915
0.0766041
0.0816611
0.0814267
0.0759624
0.0665255
0.0545612
0.0415495
0.0288737
0.017707
0.00892423
0.00305245
0.000269608
0.000447919
0.00322892
0.00811136
0.0145335
0.0219398
0.0297382
0.037618
0.0452776
0.0524305
0.058853
0.0644453
0.0691671
0.0729528
0.0757679
0.077665
0.0788291
0.0792164
0.0788877
0.0779085
0.0763472
0.0823799
0.0811459
0.0748265
0.0647426
0.0523755
0.0392179
0.0266435
0.0157947
0.0074971
0.00221652
6.65916e-05
0.000860598
0.00419331
0.00953208
0.0162992
0.0239362
0.0318592
0.0397717
0.0473845
0.0544252
0.0606867
0.0660891
0.0705983
0.0741548
0.076732
0.0783921
0.0793305
0.0795008
0.0789666
0.0777954
0.076057
0.0829694
0.080714
0.0735374
0.0628209
0.0500791
0.0368145
0.0243875
0.013905
0.00613834
0.001488
1.67282e-07
0.00142785
0.00531934
0.0111121
0.0182145
0.0260678
0.0340984
0.0420255
0.0495732
0.0564837
0.0625678
0.0677657
0.0720493
0.0753652
0.0776947
0.0791094
0.079815
0.0797626
0.0790182
0.0776514
0.0757331
0.0834159
0.080122
0.0720908
0.060761
0.0476774
0.0343491
0.022119
0.0120536
0.00486512
0.000884056
8.62232e-05
0.00216338
0.00661793
0.0128594
0.0202849
0.0283374
0.0364566
0.0443785
0.0518417
0.0586037
0.0644935
0.0694723
0.0735175
0.0765816
0.0786536
0.0798149
0.0802813
0.0800008
0.079042
0.0774762
0.0753757
0.0837067
0.0793623
0.0704841
0.0585648
0.0451769
0.0318324
0.0198524
0.0102576
0.00369555
0.000422489
0.000341044
0.00308095
0.00809992
0.0147817
0.022515
0.0307474
0.0389344
0.0468302
0.0541883
0.0607827
0.0664611
0.0712061
0.0750002
0.0778015
0.0796069
0.080507
0.080728
0.0802147
0.0790378
0.0772701
0.0749852
0.0838304
0.0784284
0.0687159
0.056236
0.0425859
0.0292769
0.0176035
0.00853507
0.00264877
0.000121851
0.00078128
0.00419447
0.00977593
0.0168866
0.0249095
0.0332999
0.0415321
0.0493793
0.0566111
0.0630183
0.068468
0.0729646
0.0764951
0.0790232
0.0805531
0.0811848
0.0811548
0.0804041
0.0790056
0.0770337
0.0745626
0.0837767
0.0773153
0.0667861
0.0537794
0.0399137
0.0266962
0.0153896
0.00690552
0.00174491
1.40542e-06
0.00142393
0.00551776
0.0116564
0.019181
0.0274726
0.0359968
0.0442498
0.0520248
0.0591083
0.0653084
0.0705122
0.074746
0.0780008
0.0802453
0.0814912
0.0818479
0.0815618
0.0805697
0.0789467
0.0767683
0.0741097
0.0835364
0.0760193
0.0646959
0.051201
0.0371713
0.0241056
0.0132292
0.0053897
0.00100521
8.10978e-05
0.0022863
0.00706467
0.0137514
0.0216715
0.0302078
0.0388395
0.0470873
0.0547656
0.0616781
0.067651
0.0725917
0.0765485
0.0795157
0.081467
0.0824212
0.0824965
0.0819495
0.0807125
0.0788622
0.0764755
0.0736282
0.0831024
0.0745383
0.0624483
0.0485082
0.0343707
0.0215214
0.0111425
0.00400984
0.000452036
0.000381603
0.00338598
0.00884898
0.0160709
0.0243646
0.0331187
0.0418292
0.0500444
0.0576004
0.064319
0.0700447
0.0747053
0.0783712
0.0810397
0.0826886
0.0833435
0.0831316
0.0823194
0.0808341
0.0787542
0.0761576
0.0731207
0.0824689
0.0728713
0.060047
0.0457099
0.0315255
0.0189621
0.00915134
0.00278965
0.000108904
0.000924294
0.00474081
0.0108844
0.0186242
0.0272661
0.0362083
0.0449669
0.0531209
0.0605285
0.06703
0.0724884
0.0768522
0.080214
0.0825728
0.0839106
0.0842593
0.0837549
0.0826735
0.080937
0.0786254
0.0758174
0.0725899
0.0816314
0.0710192
0.0574972
0.042816
0.0286508
0.0164475
0.00727941
0.00175456
6.01379e-07
0.00173126
0.00636884
0.0131843
0.0214208
0.0303816
0.0394794
0.0482537
0.0563166
0.0635492
0.0698103
0.0749818
0.0790325
0.0820773
0.0841163
0.0851347
0.0851709
0.0843691
0.0830148
0.0810245
0.0784791
0.0754583
0.0720394
0.0805873
0.0689834
0.054805
0.0398375
0.0257633
0.0139996
0.00555243
0.00093174
0.000153197
0.00282524
0.00828817
0.015762
0.0244692
0.0337164
0.0429347
0.0516905
0.0596317
0.0666625
0.07266
0.0775252
0.0812473
0.0839628
0.0856722
0.0863637
0.0860812
0.0849774
0.0833469
0.0811
0.0783189
0.0750839
0.0714725
0.0793351
0.0667668
0.0519776
0.0367871
0.0228816
0.0116425
0.0039984
0.000350381
0.000594086
0.00422968
0.0105171
0.0186306
0.027778
0.0372752
0.0465767
0.0552786
0.0630668
0.0698688
0.0755801
0.0801201
0.0834984
0.0858731
0.0872439
0.0876011
0.0869944
0.0855841
0.083674
0.081168
0.0781492
0.0746984
0.0708932
0.0778746
0.0643728
0.0490231
0.0336788
0.0200263
0.00940288
0.00264796
4.17179e-05
0.00135199
0.00596847
0.0130739
0.0218027
0.0313554
0.041063
0.050408
0.0590194
0.0666232
0.0731695
0.0785722
0.082769
0.0857891
0.087812
0.0888355
0.0888519
0.0879154
0.0861944
0.0840015
0.0812337
0.0779748
0.0743062
0.0703057
0.0762062
0.0618054
0.0459504
0.0305281
0.0172205
0.00731067
0.00153461
3.92395e-05
0.00245696
0.00806607
0.0159766
0.0252907
0.0352092
0.0450844
0.0544316
0.062915
0.0703027
0.0765671
0.0816395
0.0854756
0.088124
0.0897845
0.0904528
0.0901217
0.0888504
0.0868143
0.084335
0.0813023
0.0778009
0.073912
0.0697141
0.0743309
0.0590691
0.0427695
0.0273528
0.0144906
0.0053989
0.000694966
0.000378716
0.00394029
0.0105473
0.0192433
0.0291067
0.0393468
0.0493443
0.0586508
0.0669682
0.0741086
0.0800652
0.0847865
0.0882453
0.090509
0.0917974
0.0921027
0.0914179
0.0898064
0.0874507
0.0846812
0.0813802
0.0776328
0.0735208
0.0691226
0.0722497
0.0561686
0.0394916
0.0241729
0.0118662
0.00370484
0.000169136
0.00109826
0.00583431
0.013437
0.0228915
0.0332623
0.0437759
0.0538475
0.0630693
0.071183
0.078045
0.0836689
0.0880191
0.0910848
0.0929516
0.0938586
0.0937933
0.0927485
0.0907913
0.088111
0.085047
0.0814735
0.0774762
0.0731371
0.068535
0.0699634
0.0531088
0.0361293
0.021012
0.00938166
0.0022701
8.36067e-07
0.00223819
0.00817239
0.0167602
0.0269386
0.0377689
0.048504
0.0585998
0.0676924
0.0755645
0.0821181
0.0873852
0.0913454
0.0940031
0.0954611
0.0959776
0.0955343
0.0941231
0.0918141
0.0888038
0.08544
0.081589
0.0773368
0.0727659
0.0679553
0.0674724
0.0498951
0.0326977
0.0178977
0.00707626
0.0011414
0.000237568
0.00384096
0.0109885
0.0205417
0.0314016
0.0426379
0.0535391
0.0636073
0.0725259
0.0801196
0.0863356
0.091223
0.0947749
0.0970104
0.0980485
0.0981656
0.0973368
0.0955521
0.0928848
0.0895375
0.0858678
0.0817331
0.0772199
0.0724112
0.0673863
0.0647761
0.0465336
0.0292149
0.0148626
0.0049954
0.000370844
0.000930589
0.00595095
0.014317
0.0248061
0.0362968
0.0478804
0.0588894
0.0688777
0.0775779
0.0848569
0.0907073
0.0951932
0.0983197
0.100119
0.100726
0.100435
0.0992127
0.0970469
0.0940134
0.0903217
0.0863386
0.0819125
0.0771308
0.072077
0.0668309
0.0618732
0.0430315
0.0257028
0.0119454
0.00319137
1.63013e-05
0.00213482
0.00861391
0.0181924
0.0295773
0.0416408
0.053508
0.0645645
0.0744199
0.082858
0.0897874
0.0952455
0.0993092
0.101994
0.103344
0.10351
0.1028
0.101176
0.0986198
0.0952111
0.0911655
0.08686
0.0821335
0.0770742
0.0717663
0.0662906
0.0587619
0.0393984
0.0221888
0.00919287
0.0017242
0.000141582
0.00390841
0.0118768
0.0226488
0.0348788
0.0474495
0.0595329
0.0705748
0.080245
0.0883784
0.0949247
0.0999652
0.103587
0.105815
0.106703
0.106414
0.105277
0.10324
0.100284
0.0964892
0.0920786
0.0874397
0.0824018
0.077054
0.0714816
0.0657664
0.0554401
0.0356476
0.0187076
0.00666031
0.00066218
0.000816318
0.00631244
0.0157866
0.02772
0.0407336
0.0537391
0.0659678
0.0769329
0.0863661
0.0941538
0.100285
0.104884
0.108045
0.1098
0.110213
0.109458
0.107882
0.105421
0.102053
0.0978595
0.0930704
0.0880852
0.0827228
0.0770735
0.0712242
0.0652581
0.0519067
0.0317969
0.0153025
0.00441337
8.25292e-05
0.00211573
0.00940993
0.020391
0.0334384
0.0471641
0.0605264
0.0728276
0.0836535
0.0927996
0.100202
0.105889
0.110024
0.112706
0.113972
0.113895
0.112662
0.110633
0.107736
0.103941
0.0993334
0.09415
0.0888029
0.0831005
0.0771348
0.0709943
0.064764
0.0481621
0.0278715
0.0120276
0.00252942
7.14462e-05
0.00411988
0.0132654
0.0257364
0.0398361
0.0541924
0.0678288
0.0801285
0.0907542
0.0995647
0.106545
0.111759
0.115407
0.117593
0.118355
0.117774
0.116046
0.11355
0.1102
0.105963
0.100922
0.0953258
0.0895988
0.0835386
0.077239
0.0707908
0.0642816
0.0442108
0.0239055
0.00894986
0.00109822
0.000723913
0.00691281
0.0179436
0.0318681
0.0469441
0.0618413
0.0756656
0.08789
0.0982559
0.106685
0.113208
0.117921
0.121062
0.122733
0.122975
0.121872
0.119633
0.116653
0.112832
0.108131
0.102637
0.0966057
0.0904777
0.0840388
0.0773855
0.0706113
0.0638065
0.040063
0.0199454
0.00615133
0.000222736
0.00214299
0.0105812
0.0235086
0.0388298
0.054792
0.0701335
0.084058
0.0961342
0.106183
0.114187
0.120221
0.124407
0.127019
0.128157
0.127861
0.126217
0.123447
0.119962
0.115649
0.110461
0.104489
0.0979967
0.0914435
0.0846024
0.077573
0.0704521
0.0633334
0.0357373
0.0160522
0.00373065
1.92904e-05
0.00443883
0.0152133
0.0300229
0.0466639
0.06341
0.0790941
0.0930306
0.104888
0.114566
0.122104
0.127616
0.13125
0.133313
0.133898
0.133042
0.130837
0.127512
0.123499
0.118668
0.112966
0.106486
0.0995048
0.0924988
0.0852289
0.0777983
0.0703079
0.0628554
0.0312639
0.0123047
0.0018048
0.000617096
0.00772671
0.0208967
0.0375464
0.0554103
0.0728278
0.0887494
0.102611
0.114182
0.123438
0.130472
0.135432
0.138489
0.13998
0.13999
0.138552
0.13576
0.131855
0.127285
0.121906
0.11566
0.10864
0.101135
0.0936453
0.0859165
0.078057
0.0701721
0.0623643
0.0266882
0.00880246
0.000509944
0.00215711
0.0121253
0.0277172
0.0461362
0.065108
0.0830761
0.0991296
0.112832
0.124053
0.13284
0.139333
0.143711
0.146166
0.147061
0.146472
0.144426
0.141018
0.136499
0.131341
0.125382
0.118554
0.110956
0.102891
0.0948828
0.0866624
0.0783433
0.0700369
0.0618508
0.0220745
0.00566875
1.75976e-06
0.0047899
0.0177541
0.035757
0.0558463
0.075795
0.094188
0.110269
0.123731
0.134542
0.142815
0.148732
0.152501
0.154325
0.154598
0.153383
0.150699
0.146641
0.141474
0.135691
0.129112
0.121662
0.113444
0.104777
0.0962109
0.0874621
0.0786503
0.069893
0.0613044
0.0175105
0.0030526
0.000454588
0.00867311
0.0247305
0.0450938
0.0667269
0.0875095
0.106199
0.122206
0.135353
0.145698
0.153415
0.158723
0.16185
0.163016
0.162638
0.160765
0.157408
0.152663
0.146805
0.140355
0.133113
0.124995
0.116109
0.106794
0.0976277
0.0883107
0.07897
0.0697306
0.0607139
0.0131113
0.00113054
0.00205958
0.0139679
0.0331675
0.0557996
0.0788261
0.100291
0.119151
0.134986
0.147746
0.157574
0.164695
0.16936
0.171816
0.17229
0.171228
0.168661
0.164592
0.159116
0.152521
0.145356
0.137402
0.128566
0.11896
0.108944
0.099131
0.0892022
0.0792935
0.0695387
0.0600675
0.00902339
0.000107084
0.00502154
0.0208349
0.0431718
0.0679403
0.0921907
0.114181
0.133087
0.14866
0.160969
0.170231
0.176717
0.180704
0.182454
0.182201
0.180418
0.177118
0.172292
0.166035
0.158651
0.150719
0.141997
0.132386
0.122002
0.111229
0.100718
0.0901303
0.0796117
0.0693061
0.0593529
0.00542894
0.000213817
0.00955474
0.0294303
0.0548405
0.0815772
0.106867
0.129226
0.14806
0.163287
0.175083
0.183733
0.189546
0.19282
0.193827
0.192808
0.190262
0.186183
0.180549
0.173457
0.165224
0.156467
0.146918
0.136469
0.125244
0.113652
0.102387
0.0910887
0.079915
0.0690214
0.0585579
0.00254771
0.00170698
0.0158772
0.0399014
0.0682621
0.0967663
0.122901
0.145477
0.164128
0.17893
0.190158
0.198152
0.203252
0.205774
0.205998
0.204168
0.200813
0.195905
0.189409
0.18142
0.172274
0.162627
0.152185
0.140829
0.128693
0.116216
0.104136
0.0920716
0.0801946
0.0686733
0.0576707
0.000639577
0.00486281
0.024205
0.0523834
0.0835141
0.11356
0.140345
0.162989
0.181355
0.195662
0.206269
0.213563
0.21791
0.219638
0.219033
0.216344
0.212129
0.206336
0.198916
0.189964
0.179836
0.169228
0.157822
0.145485
0.132362
0.118925
0.105964
0.093074
0.0804418
0.0682513
0.0566799
3.75803e-06
0.00997158
0.0347443
0.0669961
0.100665
0.132011
0.159251
0.181827
0.199813
0.213558
0.223493
0.230043
0.233594
0.234484
0.233002
0.2294
0.224269
0.217532
0.209122
0.199135
0.187948
0.176306
0.163857
0.150457
0.136265
0.121788
0.107874
0.0940929
0.0806496
0.0677456
0.0555753
0.000976566
0.0173287
0.0476866
0.0838425
0.119776
0.152171
0.179679
0.202057
0.219578
0.232699
0.241912
0.247673
0.250383
0.250386
0.247975
0.243404
0.237297
0.229551
0.220082
0.208984
0.196657
0.183897
0.170321
0.155772
0.140421
0.124816
0.109871
0.0951277
0.0808126
0.0671482
0.0543482
0.00392617
0.0272255
0.0632026
0.10301
0.1409
0.174092
0.201691
0.223755
0.240728
0.253167
0.261608
0.266533
0.268354
0.267419
0.264025
0.258424
0.25128
0.242458
0.231856
0.219566
0.206013
0.192049
0.177256
0.161463
0.144855
0.128027
0.111963
0.0961803
0.0809277
0.0664525
0.0529911
0.00924402
0.039939
0.0814364
0.124569
0.164089
0.19783
0.225354
0.246994
0.263346
0.275043
0.282663
0.286704
0.287586
0.285661
0.281227
0.274535
0.266291
0.256325
0.244513
0.230946
0.216077
0.200818
0.184711
0.167571
0.1496
0.131443
0.114167
0.0972577
0.0809951
0.0656546
0.0514992
0.0173338
0.0557215
0.102507
0.148575
0.189387
0.223442
0.250736
0.27185
0.287508
0.298407
0.305154
0.308261
0.308155
0.305189
0.299658
0.291816
0.282408
0.271228
0.25813
0.243202
0.226922
0.21027
0.192747
0.174149
0.154697
0.135097
0.116502
0.0983716
0.0810186
0.064753
0.0498696
0.0285975
0.074791
0.126502
0.175072
0.216841
0.250984
0.277903
0.298393
0.313286
0.323329
0.329152
0.331279
0.330136
0.326079
0.3194
0.31035
0.299717
0.287258
0.272798
0.256421
0.238634
0.220489
0.201438
0.181262
0.160204
0.13903
0.118999
0.09954
0.0810064
0.0637496
0.0481021
0.0434178
0.0973255
0.153485
0.204096
0.24649
0.280506
0.306912
0.326683
0.340741
0.349871
0.354722
0.355822
0.353601
0.348408
0.340535
0.330227
0.318315
0.304515
0.288621
0.270709
0.251317
0.231572
0.210879
0.188996
0.166189
0.1433
0.1217
0.100789
0.0809724
0.0626498
0.0461995
0.0621452
0.123458
0.183494
0.235668
0.278366
0.312051
0.337807
0.356766
0.369917
0.378079
0.381914
0.38195
0.378615
0.372254
0.363151
0.351544
0.338309
0.323112
0.305716
0.286189
0.265094
0.243643
0.221183
0.197453
0.172744
0.147978
0.124657
0.102155
0.0809371
0.0614633
0.0441675
0.0850769
0.153273
0.216542
0.269799
0.312489
0.34564
0.370611
0.388661
0.400837
0.407981
0.410762
0.409708
0.405239
0.39769
0.387336
0.374404
0.359813
0.343179
0.324225
0.303006
0.280116
0.256848
0.232494
0.206766
0.179982
0.153157
0.127942
0.103687
0.0809289
0.0602044
0.0420149
0.112452
0.186816
0.252624
0.306484
0.348855
0.381269
0.405318
0.422363
0.433498
0.439582
0.441285
0.439129
0.433522
0.424786
0.413181
0.39892
0.382959
0.364861
0.344307
0.321334
0.296559
0.271367
0.244984
0.217096
0.188049
0.158959
0.131648
0.105448
0.0809862
0.0588928
0.0397541
0.144436
0.224085
0.291705
0.345686
0.387428
0.418897
0.44188
0.457824
0.46786
0.472855
0.473474
0.470225
0.463501
0.453605
0.440775
0.425206
0.407887
0.388323
0.366146
0.341371
0.314636
0.287416
0.258869
0.228648
0.197127
0.165536
0.135895
0.107522
0.0811597
0.0575545
0.0374005
0.181122
0.265035
0.333722
0.387337
0.428127
0.458431
0.480202
0.494956
0.503845
0.507739
0.50729
0.502986
0.495195
0.484196
0.470203
0.45338
0.434746
0.413743
0.38995
0.36335
0.334597
0.305256
0.27441
0.241673
0.207446
0.173086
0.140837
0.110019
0.0815157
0.0562229
0.0349727
0.222528
0.309583
0.378564
0.43131
0.47081
0.499722
0.520133
0.533614
0.541327
0.544132
0.542658
0.537367
0.528598
0.516595
0.501537
0.483558
0.463692
0.441316
0.415951
0.387537
0.356736
0.325198
0.291927
0.256486
0.219301
0.181862
0.14668
0.113084
0.0821416
0.0549408
0.0324929
0.268596
0.357587
0.426062
0.477408
0.515259
0.542543
0.561453
0.573592
0.580122
0.581877
0.579457
0.573287
0.563666
0.5508
0.534829
0.515841
0.494877
0.471246
0.444402
0.414234
0.381395
0.347615
0.311809
0.273477
0.233059
0.192193
0.153687
0.116909
0.0831527
0.0537628
0.0299864
0.3192
0.408839
0.475965
0.525348
0.561175
0.586592
0.603871
0.614622
0.619986
0.620764
0.617511
0.61061
0.600312
0.586777
0.570095
0.550308
0.52844
0.503734
0.47557
0.443771
0.408964
0.372944
0.334528
0.293132
0.249195
0.204504
0.162214
0.12175
0.0847041
0.0527584
0.0274812
0.374122
0.46304
0.527916
0.574737
0.608154
0.631477
0.647014
0.656358
0.660606
0.660512
0.656578
0.649135
0.638382
0.624425
0.607299
0.58699
0.564487
0.538967
0.509726
0.476505
0.439882
0.401695
0.360648
0.316051
0.268311
0.219356
0.172733
0.127958
0.0870068
0.05202
0.0250084
0.433039
0.519762
0.581423
0.625065
0.655693
0.676717
0.69043
0.698377
0.701591
0.700764
0.696337
0.688582
0.677642
0.663564
0.646327
0.625849
0.603064
0.577083
0.547114
0.512797
0.474626
0.434451
0.390845
0.342977
0.291177
0.237489
0.18589
0.136021
0.0903589
0.0516733
0.0226029
0.495485
0.578413
0.635854
0.675696
0.703186
0.72174
0.733585
0.740179
0.742472
0.741078
0.736375
0.728572
0.717754
0.70391
0.686955
0.666744
0.644122
0.618143
0.587923
0.552979
0.513688
0.471854
0.425904
0.374815
0.318777
0.259884
0.202568
0.146629
0.095188
0.0518932
0.0203012
0.560774
0.638203
0.6904
0.725868
0.749923
0.76589
0.775866
0.781184
0.782695
0.780925
0.776183
0.768618
0.758259
0.74504
0.728816
0.709377
0.687458
0.662063
0.63222
0.597303
0.557521
0.514574
0.466711
0.412659
0.352358
0.287856
0.224012
0.160791
0.102138
0.0529432
0.0181478
0.627955
0.698111
0.744098
0.774702
0.795114
0.808444
0.816594
0.820746
0.821629
0.819682
0.815143
0.808105
0.79855
0.786366
0.771356
0.753251
0.732655
0.708545
0.679866
0.645841
0.606465
0.563239
0.514211
0.457777
0.39349
0.323163
0.251975
0.180007
0.112204
0.0552308
0.0161914
0.695712
0.756868
0.79583
0.821231
0.837901
0.84862
0.855039
0.858157
0.858576
0.856644
0.852534
0.846296
0.837872
0.827114
0.8138
0.797612
0.779009
0.756973
0.730397
0.698352
0.660582
0.618287
0.569287
0.51156
0.444076
0.368136
0.288969
0.206581
0.127009
0.0594413
0.0144975
0.7623
0.812984
0.844362
0.864423
0.877392
0.885611
0.890438
0.892672
0.892784
0.891036
0.887547
0.882329
0.875305
0.866316
0.855121
0.841391
0.82544
0.8063
0.782858
0.754073
0.719425
0.679712
0.632519
0.575324
0.506289
0.425779
0.338571
0.244108
0.149306
0.0668015
0.0131586
0.82554
0.864766
0.888395
0.90323
0.91269
0.918609
0.922025
0.923532
0.923476
0.922041
0.919302
0.915251
0.909803
0.902807
0.894041
0.883192
0.870444
0.854939
0.835638
0.811466
0.781679
0.746617
0.703689
0.649848
0.582232
0.499731
0.405793
0.298316
0.184031
0.0797244
0.0123382
0.882866
0.910431
0.926627
0.936635
0.942941
0.946846
0.949062
0.949998
0.949882
0.948835
0.946897
0.94405
0.940222
0.935292
0.929073
0.921311
0.912087
0.900718
0.886328
0.867942
0.844721
0.816576
0.780929
0.734364
0.672976
0.59363
0.497165
0.378238
0.240441
0.103461
0.0123837
0.931485
0.948215
0.95784
0.963709
0.967371
0.969619
0.970879
0.97139
0.971287
0.970635
0.969455
0.967731
0.965413
0.962416
0.958614
0.953832
0.948092
0.940931
0.931729
0.919742
0.904232
0.884872
0.859454
0.824722
0.776209
0.708802
0.61943
0.497231
0.336465
0.151023
0.0142557
0.968655
0.976519
0.980972
0.983659
0.985326
0.98634
0.986904
0.987127
0.987068
0.986757
0.986202
0.985394
0.984306
0.982897
0.981101
0.978825
0.976074
0.972608
0.968097
0.962129
0.954242
0.944135
0.930412
0.910804
0.881703
0.83774
0.772627
0.669674
0.505369
0.259805
0.0217033
0.992023
0.994059
0.995198
0.995883
0.996305
0.996562
0.996703
0.996758
0.99674
0.99666
0.996516
0.996307
0.996027
0.99566
0.995195
0.994602
0.993882
0.992968
0.991769
0.990165
0.988016
0.985209
0.981304
0.975529
0.966518
0.951819
0.927445
0.881392
0.783103
0.545688
0.0627288
1
1
1
1
1
1
nan
1
1
1
1
1
1
1
1
1
1
1
1
1
1
1
1
1
1
1
1
1
1
1
1
