0.940739
0.928411
0.921446
0.919955
0.923376
0.930748
0.940897
0.95258
0.964587
0.975843
0.985476
0.992873
0.997691
0.999852
0.999493
0.99692
0.992606
0.986949
0.980334
0.973164
0.965845
0.95872
0.951945
0.945693
0.94012
0.93532
0.931271
0.92801
0.925531
0.923812
0.922817
0.940689
0.928377
0.921431
0.919959
0.923396
0.930781
0.94094
0.952627
0.964634
0.975886
0.985512
0.992899
0.997707
0.999855
0.999486
0.996903
0.992581
0.986919
0.980299
0.973128
0.965808
0.958683
0.95191
0.945661
0.940092
0.935295
0.93125
0.927993
0.925519
0.923804
0.922813
0.94054
0.928275
0.921386
0.919969
0.923457
0.930882
0.941068
0.952769
0.964776
0.976016
0.98562
0.992978
0.997752
0.999867
0.999465
0.996854
0.992508
0.986828
0.980196
0.973018
0.965696
0.958573
0.951806
0.945565
0.940006
0.935221
0.931188
0.927944
0.925482
0.92378
0.922801
0.940292
0.928107
0.921311
0.919988
0.923559
0.93105
0.941281
0.953005
0.965013
0.976232
0.985799
0.993108
0.997826
0.999884
0.999429
0.99677
0.992386
0.986676
0.980024
0.972835
0.96551
0.958391
0.951632
0.945405
0.939863
0.935098
0.931085
0.927862
0.925421
0.92374
0.922783
0.939946
0.927874
0.92121
0.920017
0.923704
0.931287
0.941581
0.953336
0.965343
0.976533
0.986048
0.993288
0.997929
0.999907
0.999376
0.996651
0.992213
0.986462
0.979783
0.972578
0.965249
0.958135
0.951389
0.945181
0.939663
0.934925
0.930941
0.927748
0.925337
0.923686
0.922757
0.939505
0.927578
0.921084
0.920059
0.923893
0.931594
0.941968
0.953761
0.965767
0.976919
0.986365
0.993516
0.998056
0.999932
0.999305
0.996495
0.991989
0.986186
0.979471
0.972247
0.964913
0.957807
0.951078
0.944894
0.939408
0.934705
0.930758
0.927603
0.925231
0.923617
0.922725
0.93897
0.927223
0.920936
0.920116
0.924131
0.931973
0.942443
0.954281
0.966283
0.977386
0.986749
0.99379
0.998207
0.999958
0.999213
0.9963
0.991711
0.985845
0.979088
0.971842
0.964503
0.957406
0.950698
0.944545
0.939097
0.934438
0.930536
0.927427
0.925103
0.923536
0.922688
0.938345
0.926813
0.920771
0.920192
0.924418
0.932427
0.943007
0.954896
0.96689
0.977935
0.987195
0.994106
0.998377
0.99998
0.999097
0.996063
0.991377
0.985439
0.978633
0.971361
0.964018
0.956933
0.950251
0.944135
0.938733
0.934125
0.930277
0.927223
0.924954
0.923442
0.922648
0.937633
0.926351
0.920594
0.920292
0.92476
0.932957
0.943661
0.955606
0.967588
0.978561
0.987702
0.99446
0.998563
0.999996
0.998954
0.995782
0.990986
0.984965
0.978105
0.970805
0.963458
0.956388
0.949736
0.943664
0.938315
0.933767
0.929981
0.926991
0.924786
0.923337
0.922604
0.936838
0.925844
0.92041
0.92042
0.92516
0.933567
0.944407
0.95641
0.968375
0.979262
0.988265
0.994849
0.99876
1
0.998779
0.995453
0.990534
0.984422
0.977502
0.970174
0.962824
0.955771
0.949156
0.943134
0.937846
0.933367
0.929651
0.926734
0.924602
0.923224
0.92256
0.935964
0.925296
0.920224
0.920583
0.925622
0.934259
0.945246
0.957308
0.969247
0.980035
0.98888
0.995267
0.998962
0.999987
0.998569
0.995072
0.990018
0.983808
0.976824
0.969465
0.962114
0.955084
0.94851
0.942546
0.937328
0.932925
0.929288
0.926453
0.924401
0.923104
0.922517
0.935018
0.924716
0.920045
0.920786
0.926152
0.935036
0.946179
0.958299
0.970204
0.980877
0.989542
0.995709
0.999165
0.999954
0.998318
0.994635
0.989436
0.983119
0.976069
0.968679
0.96133
0.954327
0.947801
0.941901
0.936761
0.932444
0.928895
0.926149
0.924188
0.922978
0.922475
0.934006
0.92411
0.919878
0.921035
0.926754
0.935902
0.947207
0.959383
0.971242
0.981781
0.990246
0.996168
0.999361
0.999892
0.99802
0.994139
0.988784
0.982355
0.975235
0.967815
0.960472
0.953501
0.947029
0.941202
0.936148
0.931925
0.928473
0.925826
0.923963
0.922849
0.922439
0.932935
0.923486
0.919733
0.921338
0.927433
0.93686
0.948331
0.960557
0.972358
0.982744
0.990985
0.996638
0.999545
0.999796
0.997672
0.993577
0.988057
0.981512
0.974321
0.966874
0.959539
0.952606
0.946196
0.94045
0.935491
0.931372
0.928026
0.925486
0.92373
0.922719
0.922409
0.931813
0.922853
0.919618
0.921701
0.928195
0.937912
0.949551
0.961821
0.973547
0.983759
0.991752
0.997111
0.999708
0.999659
0.997266
0.992945
0.987254
0.980587
0.973325
0.965853
0.958533
0.951645
0.945304
0.939647
0.934793
0.930787
0.927555
0.925131
0.92349
0.922591
0.922388
0.930648
0.922222
0.919541
0.922133
0.929045
0.939062
0.950868
0.963171
0.974805
0.984821
0.992539
0.997579
0.999843
0.999474
0.996795
0.992239
0.986369
0.97958
0.972247
0.964754
0.957454
0.950617
0.944354
0.938796
0.934055
0.930172
0.927064
0.924765
0.923246
0.922467
0.922378
0.92945
0.921601
0.919512
0.922641
0.929989
0.940312
0.952282
0.964604
0.976127
0.985921
0.99334
0.998034
0.999941
0.999233
0.996255
0.991453
0.9854
0.978486
0.971085
0.963575
0.956303
0.949526
0.943349
0.937899
0.933281
0.92953
0.926555
0.924389
0.923002
0.92235
0.922382
0.928231
0.921003
0.919541
0.923232
0.93103
0.941664
0.953791
0.966118
0.977506
0.987053
0.994143
0.998466
0.999994
0.998928
0.995637
0.990582
0.984342
0.977304
0.969839
0.962318
0.955081
0.948372
0.942291
0.936958
0.932474
0.928864
0.926031
0.924007
0.922759
0.922241
0.922401
0.927
0.920438
0.919638
0.923915
0.932175
0.943119
0.955393
0.967706
0.978936
0.988207
0.994941
0.998866
0.999991
0.998551
0.994936
0.98962
0.983191
0.976031
0.968506
0.960982
0.953789
0.947158
0.941182
0.935977
0.931636
0.928178
0.925495
0.923622
0.922521
0.922145
0.922439
0.92577
0.919918
0.919813
0.924696
0.933427
0.94468
0.957087
0.969365
0.980408
0.989374
0.995722
0.999223
0.999924
0.998093
0.994143
0.988563
0.981944
0.974665
0.967087
0.959568
0.952428
0.945885
0.940025
0.934958
0.930771
0.927474
0.924951
0.923236
0.92229
0.922063
0.922497
0.924554
0.919455
0.920076
0.925584
0.934791
0.946345
0.95887
0.971087
0.981915
0.990544
0.996476
0.999526
0.999783
0.997546
0.993252
0.987404
0.980598
0.973205
0.965581
0.958077
0.951
0.944556
0.938823
0.933905
0.929882
0.926756
0.924402
0.922854
0.92207
0.921998
0.922578
0.923366
0.919062
0.920437
0.926584
0.93627
0.948115
0.960737
0.972867
0.983447
0.991705
0.997191
0.999764
0.999556
0.9969
0.992257
0.98614
0.979149
0.971648
0.963988
0.956509
0.949508
0.943173
0.937578
0.932821
0.928973
0.926028
0.923851
0.922478
0.921863
0.921952
0.922684
0.922219
0.91875
0.920905
0.927704
0.937866
0.949989
0.962684
0.974694
0.984992
0.992847
0.997855
0.999925
0.999234
0.996148
0.991149
0.984764
0.977593
0.969994
0.962307
0.954865
0.947952
0.94174
0.936295
0.931708
0.928046
0.925291
0.9233
0.92211
0.921672
0.921928
0.922818
0.921128
0.918534
0.921491
0.928948
0.93958
0.951963
0.964704
0.976562
0.986541
0.993956
0.998454
0.999997
0.998805
0.995279
0.989923
0.983272
0.975929
0.968241
0.96054
0.953148
0.946336
0.940258
0.934975
0.930572
0.927105
0.924551
0.922755
0.921755
0.921499
0.921929
0.922979
0.920107
0.918424
0.922203
0.930322
0.941415
0.954034
0.96679
0.978458
0.98808
0.995018
0.998976
0.999968
0.998259
0.994286
0.988572
0.981661
0.974154
0.966388
0.958686
0.951358
0.944661
0.938731
0.933623
0.929414
0.926154
0.923809
0.922216
0.921413
0.921347
0.921955
0.923172
0.919173
0.918434
0.92305
0.93183
0.943368
0.956199
0.968934
0.980373
0.989596
0.996021
0.999406
0.999824
0.997585
0.993158
0.987088
0.979925
0.972266
0.964435
0.956746
0.949498
0.94293
0.937163
0.932241
0.928238
0.925195
0.92307
0.921687
0.921089
0.921217
0.922009
0.923396
0.918339
0.918573
0.924038
0.933474
0.945439
0.95845
0.971126
0.982293
0.991076
0.996948
0.99973
0.999552
0.996771
0.991889
0.985467
0.97806
0.970262
0.962382
0.954722
0.947569
0.941147
0.935555
0.930833
0.927047
0.924232
0.922335
0.921171
0.920784
0.921112
0.922091
0.923653
0.91762
0.918854
0.925173
0.935257
0.947624
0.960782
0.973357
0.984205
0.992503
0.997783
0.999933
0.999139
0.995807
0.990468
0.983701
0.976064
0.968141
0.960228
0.952615
0.945575
0.939313
0.933911
0.929402
0.925845
0.923268
0.921608
0.92067
0.920499
0.921033
0.922205
0.923943
0.917031
0.919286
0.926463
0.937179
0.949921
0.963185
0.975613
0.986095
0.993862
0.998512
1
0.998572
0.994681
0.988888
0.981785
0.973932
0.965902
0.957975
0.950427
0.943516
0.937432
0.932234
0.927951
0.924635
0.922305
0.920891
0.920185
0.920237
0.920982
0.922349
0.924267
0.916584
0.919878
0.927909
0.939239
0.952323
0.965651
0.977881
0.987946
0.995135
0.999116
0.999914
0.997837
0.993382
0.987141
0.979715
0.971663
0.963543
0.955621
0.948158
0.941396
0.935506
0.930528
0.926482
0.923418
0.921346
0.920185
0.919719
0.919999
0.920958
0.922524
0.924624
0.916293
0.920638
0.929516
0.941435
0.954823
0.968168
0.980148
0.989742
0.996304
0.999578
0.999659
0.996919
0.9919
0.985218
0.977485
0.969253
0.961066
0.95317
0.945812
0.939217
0.933539
0.928794
0.925
0.922198
0.920393
0.919493
0.919272
0.919785
0.920962
0.92273
0.925015
0.91617
0.921572
0.931284
0.943764
0.957414
0.970723
0.982396
0.991465
0.997351
0.999878
0.999219
0.995806
0.990224
0.983113
0.97509
0.9667
0.958468
0.950621
0.943389
0.936982
0.931532
0.927035
0.923505
0.920977
0.919447
0.918815
0.918845
0.919596
0.920994
0.922966
0.925437
0.916223
0.922685
0.933214
0.946221
0.960086
0.973304
0.98461
0.993095
0.998255
0.999999
0.998576
0.994482
0.988344
0.980819
0.972527
0.964003
0.95575
0.947975
0.940892
0.934692
0.929488
0.925254
0.921999
0.919755
0.918509
0.918152
0.918438
0.91943
0.921053
0.923232
0.92589
0.916464
0.923981
0.935304
0.948799
0.962829
0.975894
0.986771
0.99461
0.998995
0.999919
0.997714
0.992935
0.986249
0.978328
0.969792
0.961161
0.952913
0.945234
0.938322
0.932349
0.927408
0.923452
0.920484
0.918533
0.917579
0.917504
0.918051
0.919288
0.921138
0.923524
0.926372
0.916898
0.925462
0.937552
0.951492
0.965629
0.978479
0.988858
0.99599
0.999548
0.999618
0.996614
0.991151
0.983929
0.975635
0.966881
0.958171
0.949956
0.9424
0.935681
0.929955
0.925295
0.921629
0.91896
0.917311
0.916657
0.916868
0.917681
0.919166
0.921246
0.923842
0.926879
0.917531
0.927129
0.939953
0.95429
0.968475
0.981038
0.990849
0.99721
0.999891
0.999076
0.995259
0.989116
0.981376
0.972734
0.963792
0.955033
0.946879
0.939471
0.93297
0.927512
0.923148
0.919786
0.917427
0.916089
0.915741
0.916245
0.917326
0.919063
0.921375
0.924183
0.92741
0.918369
0.928981
0.942503
0.957184
0.971349
0.983553
0.992721
0.998245
0.999999
0.998269
0.993631
0.986816
0.978579
0.969618
0.960521
0.951746
0.943683
0.936451
0.93019
0.925018
0.920968
0.917923
0.915884
0.914865
0.914829
0.915631
0.916985
0.918976
0.921521
0.924542
0.927961
0.919413
0.931017
0.945195
0.960162
0.974237
0.986
0.994448
0.999068
0.999847
0.997175
0.991712
0.984238
0.975531
0.966284
0.957065
0.948309
0.940368
0.933338
0.92734
0.922475
0.918753
0.916037
0.914328
0.913636
0.913919
0.915023
0.916653
0.9189
0.921681
0.924916
0.928528
0.920665
0.933233
0.948022
0.963213
0.977118
0.988358
0.996002
0.99965
0.999406
0.99577
0.989483
0.981369
0.972222
0.962725
0.953423
0.944721
0.936933
0.930131
0.92442
0.91988
0.916502
0.914127
0.912756
0.912399
0.913006
0.914416
0.916326
0.918832
0.921851
0.925302
0.929107
0.922125
0.935627
0.950977
0.966321
0.979974
0.990597
0.997352
0.999958
0.998648
0.994032
0.986926
0.978197
0.968645
0.958937
0.949592
0.940981
0.933377
0.92683
0.921428
0.917231
0.914211
0.912188
0.911165
0.911148
0.912085
0.913806
0.915999
0.918766
0.922025
0.925694
0.929694
0.923794
0.938195
0.95405
0.969472
0.98278
0.992689
0.998465
0.999961
0.997543
0.991934
0.984023
0.974709
0.964791
0.954916
0.945568
0.937085
0.929697
0.923433
0.91836
0.914524
0.911876
0.910215
0.909547
0.909878
0.91115
0.913186
0.915665
0.918698
0.922199
0.926088
0.930286
0.925669
0.940931
0.957231
0.972647
0.985509
0.994601
0.999305
0.999621
0.99606
0.989453
0.980757
0.970893
0.960653
0.950656
0.941349
0.933032
0.925891
0.919935
0.915213
0.911755
0.909491
0.908203
0.907897
0.908582
0.910194
0.912549
0.915319
0.91862
0.922367
0.926479
0.930877
0.92775
0.943831
0.960508
0.975827
0.988134
0.996295
0.999831
0.998902
0.994166
0.986563
0.977109
0.966738
0.956224
0.946153
0.936931
0.928817
0.921955
0.916331
0.911981
0.908915
0.907048
0.906141
0.906207
0.907251
0.909209
0.911889
0.914953
0.918527
0.922524
0.926863
0.931465
0.930037
0.946891
0.963871
0.978988
0.990618
0.99773
0.999999
0.997762
0.991828
0.98324
0.973061
0.962231
0.951496
0.9414
0.932308
0.924435
0.917882
0.912615
0.908655
0.905997
0.904539
0.904022
0.904466
0.905877
0.908186
0.911196
0.91456
0.918411
0.922663
0.927234
0.932045
0.932528
0.950105
0.967302
0.982102
0.992924
0.998859
0.999762
0.996159
0.989012
0.979458
0.968598
0.957362
0.946461
0.936393
0.927474
0.91988
0.913664
0.908777
0.905225
0.90299
0.901952
0.901834
0.902663
0.904448
0.907115
0.910462
0.914132
0.918267
0.92278
0.927589
0.932614
0.935224
0.953466
0.970785
0.985137
0.995005
0.999629
0.999069
0.994049
0.985683
0.975194
0.963703
0.95212
0.941111
0.931122
0.922422
0.915143
0.909293
0.904807
0.90168
0.899881
0.899274
0.899565
0.900787
0.902953
0.905987
0.909678
0.913661
0.918087
0.922869
0.927923
0.933169
0.938127
0.956969
0.974297
0.988055
0.996809
0.999984
0.997865
0.991386
0.981808
0.970423
0.958359
0.946492
0.935436
0.92558
0.917142
0.910213
0.904755
0.900691
0.898006
0.896656
0.89649
0.8972
0.898824
0.90138
0.904789
0.908835
0.91314
0.917866
0.922926
0.928234
0.933709
0.941238
0.960602
0.977811
0.990807
0.998276
0.999858
0.996092
0.988123
0.977351
0.965121
0.952551
0.940467
0.929425
0.919755
0.911622
0.905075
0.900035
0.896413
0.894185
0.893297
0.893586
0.894723
0.89676
0.899716
0.903511
0.907921
0.91256
0.917598
0.922946
0.928518
0.934234
0.94456
0.964352
0.981292
0.99334
0.999338
0.999184
0.993688
0.984213
0.97228
0.959266
0.946261
0.934032
0.923067
0.913634
0.905846
0.899715
0.895116
0.891955
0.8902
0.889787
0.890541
0.892118
0.894579
0.897947
0.90214
0.90693
0.911915
0.917277
0.922926
0.928776
0.934742
0.948093
0.968203
0.984698
0.995587
0.999917
0.997884
0.99059
0.979609
0.966562
0.952836
0.939474
0.927172
0.916346
0.9072
0.899798
0.894111
0.889977
0.887294
0.886028
0.886105
0.887338
0.889367
0.892264
0.896059
0.900667
0.90585
0.911197
0.916899
0.922865
0.929006
0.935236
0.951838
0.972129
0.987972
0.997471
0.999929
0.99588
0.986735
0.974264
0.960164
0.945808
0.932171
0.919871
0.909246
0.900435
0.893455
0.888241
0.884593
0.882407
0.881645
0.882226
0.883954
0.88645
0.8898
0.894037
0.899078
0.904674
0.910401
0.916461
0.922761
0.929209
0.935718
0.955789
0.976094
0.99105
0.998902
0.999276
0.993087
0.982056
0.968132
0.953056
0.938159
0.924334
0.91211
0.901744
0.893315
0.886792
0.882079
0.878938
0.877267
0.877025
0.878128
0.880367
0.883347
0.887168
0.891869
0.897363
0.903394
0.909522
0.915961
0.922614
0.929389
0.936194
0.959937
0.980055
0.993849
0.999777
0.997857
0.989419
0.976491
0.96117
0.945208
0.929866
0.915942
0.903866
0.893817
0.885813
0.879779
0.875593
0.872981
0.871843
0.87214
0.873783
0.876553
0.880038
0.884351
0.889539
0.895511
0.902003
0.908556
0.915398
0.922427
0.929548
0.936667
0.964263
0.983948
0.996269
0.999981
0.995561
0.984787
0.969977
0.953336
0.93659
0.920906
0.906969
0.895112
0.885434
0.877896
0.872384
0.86875
0.866687
0.866102
0.866958
0.869163
0.872487
0.876501
0.881332
0.887034
0.893514
0.900495
0.907501
0.914771
0.922202
0.929692
0.937145
0.968736
0.987695
0.998195
0.999383
0.992273
0.979103
0.962454
0.94459
0.927172
0.911251
0.897389
0.885818
0.876562
0.869528
0.864568
0.861511
0.86002
0.86001
0.861448
0.86424
0.868145
0.872715
0.878094
0.88434
0.891361
0.898865
0.906355
0.914083
0.921943
0.929828
0.937636
0.973312
0.991198
0.99949
0.997843
0.987875
0.972283
0.953864
0.934892
0.916924
0.90087
0.887168
0.875947
0.86716
0.860667
0.856289
0.853834
0.852939
0.853528
0.855574
0.858982
0.863501
0.868659
0.874618
0.881446
0.889044
0.897109
0.905117
0.913338
0.921657
0.929963
0.938149
0.977925
0.994331
0.999998
0.99521
0.982246
0.964243
0.944154
0.924205
0.905812
0.889731
0.876269
0.865458
0.857185
0.851268
0.847499
0.845675
0.845402
0.846617
0.849301
0.853359
0.858526
0.864309
0.870888
0.878338
0.886556
0.895223
0.903789
0.912538
0.92135
0.930107
0.938696
0.98249
0.996947
0.999545
0.991327
0.975269
0.954906
0.933273
0.91249
0.8938
0.877794
0.864647
0.854302
0.846585
0.841277
0.83815
0.836984
0.837362
0.839235
0.842592
0.847337
0.853195
0.859645
0.866888
0.875005
0.883891
0.893206
0.902372
0.911689
0.92103
0.930269
0.939286
0.986889
0.998869
0.99794
0.986032
0.966833
0.9442
0.921174
0.899709
0.880849
0.865014
0.852254
0.842426
0.835305
0.83064
0.828184
0.82771
0.828772
0.831339
0.835408
0.840884
0.847479
0.854644
0.862598
0.871434
0.88104
0.891056
0.900869
0.910798
0.920706
0.930461
0.939932
0.990977
0.999893
0.994978
0.979165
0.956828
0.93206
0.907809
0.885819
0.866913
0.85134
0.839031
0.829769
0.823283
0.819296
0.817546
0.817799
0.819582
0.822882
0.827708
0.833965
0.841349
0.849281
0.858003
0.867614
0.877998
0.888771
0.899282
0.90987
0.920388
0.930694
0.940647
0.994571
0.999786
0.990445
0.97057
0.945159
0.918423
0.893133
0.870774
0.85194
0.836713
0.824917
0.816267
0.810454
0.80718
0.806173
0.807192
0.809738
0.813817
0.819451
0.826543
0.834776
0.843533
0.853082
0.863531
0.874756
0.886348
0.897613
0.908911
0.920085
0.930979
0.941442
0.997452
0.998293
0.984123
0.960099
0.931738
0.903234
0.877099
0.854523
0.835872
0.82107
0.809842
0.801848
0.796748
0.794226
0.794002
0.795832
0.799187
0.804095
0.810591
0.81858
0.827726
0.837373
0.847815
0.859171
0.871307
0.883784
0.895864
0.907928
0.919805
0.931327
0.942329
0.99936
0.995137
0.975795
0.947617
0.916486
0.88644
0.859655
0.837011
0.818645
0.804338
0.793731
0.786438
0.78209
0.780362
0.780967
0.783656
0.787871
0.793664
0.801084
0.810036
0.820164
0.830772
0.842178
0.854515
0.867638
0.881075
0.894036
0.906926
0.919558
0.931749
0.94332
0.999996
0.990028
0.965256
0.933004
0.899335
0.867989
0.840749
0.818173
0.800187
0.786442
0.776507
0.769957
0.766406
0.765516
0.766998
0.7706
0.775731
0.782468
0.790878
0.800865
0.812052
0.823694
0.836143
0.849543
0.863735
0.878212
0.892126
0.905907
0.91935
0.932254
0.944425
0.999023
0.982671
0.952313
0.916157
0.880224
0.847829
0.820321
0.797943
0.780423
0.767301
0.758088
0.752327
0.749617
0.749614
0.752025
0.756597
0.762703
0.770449
0.779918
0.791016
0.803343
0.816103
0.829679
0.844228
0.859579
0.875184
0.890129
0.904872
0.919187
0.932852
0.945652
0.996074
0.972775
0.936797
0.89699
0.8591
0.825908
0.798309
0.776245
0.759272
0.746833
0.738392
0.733467
0.731646
0.732581
0.735975
0.741576
0.74872
0.757542
0.768144
0.780434
0.793987
0.807951
0.822744
0.838537
0.855145
0.871973
0.888037
0.90382
0.919072
0.933547
0.947009
0.990756
0.960061
0.918564
0.875431
0.835911
0.80217
0.774646
0.753006
0.736654
0.724957
0.717337
0.713296
0.712414
0.714339
0.718773
0.725465
0.733709
0.743675
0.755487
0.769054
0.783923
0.799182
0.815289
0.832429
0.8504
0.868557
0.885833
0.902742
0.919005
0.934345
0.948501
0.982666
0.944278
0.897493
0.851425
0.810613
0.776558
0.749264
0.72815
0.712492
0.701593
0.694846
0.691739
0.691845
0.694811
0.700342
0.708184
0.717592
0.728772
0.74187
0.756798
0.773078
0.78973
0.807253
0.825852
0.845303
0.864903
0.883498
0.901628
0.918981
0.935247
0.95013
0.971403
0.925209
0.873498
0.824928
0.783159
0.749016
0.722097
0.701607
0.686714
0.676671
0.670848
0.668721
0.669864
0.673921
0.6806
0.68965
0.700283
0.712742
0.727202
0.743579
0.761366
0.779511
0.798562
0.818738
0.839796
0.86097
0.881001
0.90046
0.918994
0.93625
0.951898
0.956582
0.902674
0.846515
0.795904
0.75351
0.719494
0.693088
0.673317
0.659259
0.650129
0.645278
0.644178
0.646399
0.651592
0.659465
0.669773
0.681684
0.695485
0.711379
0.729291
0.748683
0.768428
0.789122
0.811004
0.833811
0.8567
0.8783
0.899211
0.919028
0.93735
0.9538
0.937855
0.876542
0.816506
0.764332
0.721634
0.687949
0.662193
0.643234
0.630083
0.621921
0.618086
0.61805
0.621385
0.627746
0.636849
0.648456
0.661691
0.676888
0.694284
0.713811
0.734906
0.756357
0.778817
0.802547
0.827256
0.852022
0.875343
0.897845
0.919063
0.938537
0.955833
0.914923
0.846727
0.783458
0.730201
0.687511
0.65436
0.629389
0.611339
0.599163
0.592019
0.589238
0.590292
0.594761
0.60231
0.612664
0.625596
0.640187
0.656821
0.675775
0.696994
0.719884
0.743152
0.767506
0.793234
0.820018
0.846843
0.872058
0.896313
0.919071
0.939796
0.957985
0.887548
0.813184
0.747376
0.693516
0.651145
0.618731
0.594682
0.577637
0.566502
0.560418
0.558715
0.560871
0.566478
0.575214
0.586819
0.60108
0.617041
0.635139
0.655693
0.678666
0.703441
0.728633
0.755016
0.782904
0.811951
0.841041
0.868352
0.894552
0.919014
0.941107
0.960246
0.855564
0.775916
0.708295
0.654314
0.612572
0.581103
0.55812
0.542176
0.53214
0.527145
0.526526
0.529775
0.536499
0.546395
0.559225
0.574794
0.592113
0.611677
0.633854
0.658629
0.685364
0.712584
0.741131
0.771352
0.802873
0.834464
0.864105
0.892478
0.91884
0.942446
0.9626
0.818878
0.734965
0.666278
0.612663
0.571873
0.541569
0.519798
0.505044
0.496155
0.492261
0.49271
0.497014
0.504805
0.515804
0.529797
0.54662
0.565254
0.586257
0.61005
0.63665
0.665403
0.694744
0.72559
0.758327
0.792554
0.826914
0.859163
0.889981
0.918484
0.943777
0.965027
0.777472
0.690417
0.621436
0.56869
0.52919
0.500278
0.479867
0.466386
0.458673
0.455868
0.457342
0.462633
0.471402
0.483405
0.498463
0.516442
0.536308
0.558684
0.584049
0.612463
0.643264
0.674802
0.708073
0.743514
0.780699
0.818138
0.85332
0.886916
0.917858
0.945059
0.967507
0.731404
0.642413
0.573938
0.522592
0.484741
0.457457
0.438547
0.426408
0.419878
0.418123
0.420543
0.426713
0.436334
0.4492
0.465171
0.484159
0.505123
0.528754
0.555598
0.585766
0.618605
0.652385
0.688191
0.726523
0.766941
0.807807
0.846313
0.883091
0.916847
0.946237
0.970014
0.6808
0.591161
0.524035
0.474652
0.438825
0.413408
0.396129
0.385378
0.380014
0.379236
0.382489
0.38939
0.399688
0.413223
0.429905
0.449692
0.47156
0.496266
0.52443
0.556229
0.591036
0.627056
0.665472
0.706868
0.750805
0.795496
0.837786
0.87825
0.915296
0.947242
0.972519
0.625878
0.53696
0.472084
0.425263
0.391846
0.368523
0.352986
0.343642
0.339394
0.339488
0.343422
0.350865
0.361618
0.375575
0.392701
0.41301
0.435513
0.461033
0.490274
0.523495
0.560118
0.598305
0.639352
0.683949
0.731689
0.780644
0.827267
0.872042
0.912993
0.94798
0.974992
0.566961
0.480238
0.418577
0.374935
0.344307
0.323283
0.30957
0.301623
0.298409
0.299236
0.303663
0.311418
0.322358
0.336436
0.353673
0.374151
0.396936
0.422917
0.452886
0.487203
0.525374
0.565549
0.609155
0.657023
0.708823
0.762511
0.814111
0.863979
0.909641
0.948327
0.977397
0.504515
0.421587
0.364146
0.324304
0.296814
0.27826
0.266415
0.259821
0.257528
0.258922
0.263625
0.271428
0.282246
0.29609
0.313045
0.333256
0.355878
0.381857
0.412077
0.447021
0.486312
0.528146
0.574096
0.625185
0.681223
0.740116
0.797432
0.853372
0.904812
0.948107
0.979699
0.439226
0.361797
0.3096
0.274132
0.250077
0.23411
0.224134
0.218816
0.217305
0.219075
0.223817
0.231382
0.241741
0.25496
0.271184
0.290623
0.312542
0.337937
0.36778
0.402697
0.442479
0.485426
0.533289
0.587341
0.647642
0.712144
0.775988
0.839209
0.897862
0.947057
0.981852
0.372045
0.301889
0.255902
0.225298
0.204886
0.191556
0.183406
0.179254
0.178371
0.180318
0.184857
0.191895
0.20145
0.213634
0.228644
0.246749
0.267345
0.291455
0.320134
0.354159
0.393535
0.436761
0.485789
0.542223
0.60651
0.676837
0.748025
0.819993
0.887796
0.944769
0.983809
0.304288
0.243132
0.20417
0.178769
0.162099
0.15138
0.144961
0.141843
0.141424
0.143356
0.147466
0.153704
0.162128
0.172886
0.1862
0.202388
0.220991
0.243027
0.269603
0.301648
0.339418
0.381713
0.430713
0.48844
0.555924
0.631864
0.711031
0.793419
0.872991
0.940559
0.985502
0.2377
0.187016
0.155638
0.135577
0.122608
0.114389
0.109562
0.107328
0.107216
0.108964
0.112453
0.117671
0.124695
0.133684
0.144879
0.158609
0.17456
0.1937
0.217142
0.245927
0.280575
0.320288
0.367481
0.424676
0.493711
0.574221
0.661429
0.755892
0.850694
0.933199
0.986841
0.17446
0.135234
0.111605
0.0967703
0.0873103
0.0813907
0.0779752
0.0764683
0.0765244
0.0779594
0.0806978
0.0847493
0.0901973
0.0971926
0.105959
0.116808
0.129556
0.145061
0.164362
0.188534
0.218321
0.253383
0.296311
0.350152
0.417768
0.500269
0.594207
0.701684
0.815969
0.920276
0.987662
0.117134
0.0895686
0.073373
0.063365
0.0570588
0.0531542
0.050938
0.0500016
0.0501176
0.0511652
0.0531032
0.0559503
0.0597779
0.0647085
0.0709268
0.0786888
0.0879127
0.0992819
0.113672
0.132058
0.155279
0.183424
0.219071
0.265636
0.327024
0.40637
0.502835
0.621762
0.759559
0.896539
0.987616
0.0685154
0.0517849
0.0421598
0.0362913
0.0326285
0.030381
0.0291214
0.0286096
0.0287129
0.0293648
0.0305452
0.0322695
0.0345873
0.0375844
0.0413859
0.046168
0.0519081
0.0590693
0.0682706
0.0802581
0.095768
0.115128
0.140546
0.175278
0.223791
0.291198
0.38057
0.502769
0.663535
0.848976
0.985744
0.0313448
0.0234807
0.0190282
0.016341
0.0146738
0.0136596
0.0130959
0.0128731
0.0129322
0.0132431
0.0137981
0.0146064
0.0156939
0.0171031
0.0188994
0.0211749
0.023926
0.0273923
0.0319029
0.0378711
0.0457581
0.0558654
0.0695879
0.0891955
0.118297
0.16226
0.227373
0.330326
0.494631
0.740195
0.978297
0.00797737
0.00594091
0.00480175
0.00411749
0.00369501
0.00343847
0.00329697
0.00324225
0.00325966
0.00333965
0.00348437
0.00369304
0.00397342
0.00433993
0.00480461
0.00539756
0.00611818
0.00703204
0.00823051
0.00983471
0.0119843
0.0147909
0.0186961
0.0244707
0.0334825
0.0481812
0.0725551
0.118608
0.216897
0.454312
0.937271
0
0
0
1.19209e-07
0
0
nan
0
0
0
0
0
1.19209e-07
-1.19209e-07
2.38419e-07
-1.19209e-07
0
0
0
0
0
0
5.96046e-08
1.19209e-07
0
-1.19209e-07
0
1.19209e-07
0
-2.38419e-07
0
